59 0
119 0
179 0
239 0
299 0
359 0
419 0
479 0
539 0
599 0
659 0
719 0
779 0
839 0
899 0
959 0
1019 0
1079 0
1139 0
1199 0
1259 0
1319 0
1379 0
1439 0
1499 0
1559 0
1619 0
1679 0
1739 0
1799 0
1859 0
1919 0
1979 0
2039 0
2099 0
2159 0
2219 0
2279 0
2339 0
2399 0
2459 0
2519 0
2579 0
2639 0
2699 0
2759 0
2819 0
2879 0
2939 0
2999 0
3059 0
3119 0
3179 0
3239 0
3299 0
3359 0
3419 0
3479 0
3539 0
3599 0
3659 0
3719 0
3779 0
3839 0
3899 0
3959 0
4019 0
4079 0
4139 0
4199 0
4259 0
4319 0
4379 0
4439 0
4499 0
4559 0
4619 0
4679 0
4739 0
4799 0
4859 0
4919 0
4979 0
5039 0
5099 0
5159 0
5219 0
5279 0
5339 0
5399 0
5459 0
5519 0
5579 0
5639 0
5699 0
5759 0
5819 0
5879 0
5939 0
5999 0
6059 0
6119 0
6179 0
6239 0
6299 0
6359 0
6419 0
6479 0
6539 0
6599 0
6659 0
6719 0
6779 0
6839 0
6899 0
6959 0
7019 0
7079 0
7139 0
7199 0
7259 0
7319 0
7379 0
7439 0
7499 0
7559 0
7619 0
7679 0
7739 0
7799 0
7859 0
7919 0
7979 0
8039 0
8099 0
8159 0
8219 0
8279 0
8339 0
8399 0
8459 0
8519 0
8579 0
8639 0
8699 0
8759 0
8819 0
8879 0
8939 0
8999 0
9059 0
9119 0
9179 0
9239 0
9299 0
9359 0
9419 0
9479 0
9539 0
9599 0
9659 0
9719 0
9779 0
9839 0
9899 0
9959 0
10019 0
10079 0
10139 0
10199 0
10259 0
10319 0
10379 0
10439 0
10499 0
10559 0
10619 0
10679 0
10739 0
10799 0
10859 0
10919 0
10979 0
11039 0
11099 0
11159 0
11219 0
11279 0
11339 0
11399 0
11459 0
11519 0
11579 0
11639 0
11699 0
11759 0
11819 0
11879 0
11939 0
11999 0
12059 0
12119 0
12179 0
12239 0
12299 0
12359 0
12419 0
12479 0
12539 0
12599 0
12659 0
12719 0
12779 0
12839 0
12899 0
12959 0
13019 0
13079 0
13139 0
13199 0
13259 0
13319 0
13379 0
13439 0
13499 0
13559 0
13619 0
13679 0
13739 0
13799 0
13859 0
13919 0
13979 0
14039 0
14099 0
14159 0
14219 0
14279 0
14339 0
14399 0
14459 0
14519 0
14579 0
14639 0
14699 0
14759 0
14819 0
14879 0
14939 0
14999 0
15059 0
15119 0
15179 0
15239 0
15299 0
15359 0
15419 0
15479 0
15539 0
15599 0
15659 0
15719 0
15779 0
15839 0
15899 0
15959 0
16019 0
16079 0
16139 0
16199 0
16259 0
16319 0
16379 0
16439 0
16499 0
16559 0
16619 0
16679 0
16739 0
16799 0
16859 0
16919 0
16979 0
17039 0
17099 0
17159 0
17219 0
17279 0
17339 0
17399 0
17459 0
17519 0
17579 0
17639 0
17699 0
17759 0
17819 0
17879 0
17939 0
17999 0
18059 0
18119 0
18179 0
18239 0
18299 0
18359 0
18419 0
18479 0
18539 0
18599 0
18659 0
18719 0
18779 0
18839 0
18899 0
18959 0
19019 0
19079 0
19139 0
19199 0
19259 0
19319 0
19379 0
19439 0
19499 0
19559 0
19619 0
19679 0
19739 0
19799 0
19859 0
19919 0
19979 0
20039 0
20099 0
20159 0
20219 0
20279 0
20339 0
20399 0
20459 0
20519 0
20579 0
20639 0
20699 0
20759 0
20819 0
20879 0
20939 0
20999 0
21059 0
21119 0
21179 0
21239 0
21299 0
21359 0
21419 0
21479 0
21539 0
21599 0
21659 0
21719 0
21779 0
21839 0
21899 0
21959 0
22019 0
22079 0
22139 0
22199 0
22259 0
22319 0
22379 0
22439 0
22499 0
22559 0
22619 0
22679 0
22739 0
22799 0
22859 0
22919 0
22979 0
23039 0
23099 0
23159 0
23219 0
23279 0
23339 0
23399 0
23459 0
23519 0
23579 0
23639 0
23699 0
23759 0
23819 0
23879 0
23939 0
23999 0
24059 0
24119 0
24179 0
24239 0
24299 0
24359 0
24419 0
24479 0
24539 0
24599 0
24659 0
24719 0
24779 0
24839 0
24899 0
24959 0
25019 0
25079 0
25139 0
25199 0
25259 0
25319 0
25379 0
25439 0
25499 0
25559 0
25619 0
25679 0
25739 0
25799 0
25859 0
25919 0
25979 0
26039 0
26099 0
26159 0
26219 0
26279 0
26339 0
26399 0
26459 0
26519 0
26579 0
26639 0
26699 0
26759 0
26819 0
26879 0
26939 0
26999 0
27059 0
27119 0
27179 0
27239 1
27299 1
27359 1
27419 1
27479 0
27539 0
27599 0
27659 0
27719 0
27779 0
27839 0
27899 0
27959 0
28019 0
28079 0
28139 0
28199 0
28259 0
28319 0
28379 0
28439 0
28499 0
28559 0
28619 0
28679 0
28739 0
28799 0
28859 0
28919 0
28979 0
29039 0
29099 0
29159 0
29219 0
29279 0
29339 0
29399 0
29459 0
29519 0
29579 0
29639 0
29699 0
29759 0
29819 0
29879 0
29939 0
29999 0
30059 0
30119 0
30179 0
30239 0
30299 0
30359 0
30419 0
30479 0
30539 0
30599 0
30659 0
30719 0
30779 0
30839 0
30899 0
30959 0
31019 0
31079 0
31139 0
31199 0
31259 0
31319 0
31379 0
31439 0
31499 0
31559 0
31619 0
31679 0
31739 0
31799 0
31859 0
31919 0
31979 0
32039 0
32099 0
32159 0
32219 0
32279 0
32339 0
32399 0
32459 0
32519 0
32579 0
32639 0
32699 0
32759 0
32819 0
32879 0
32939 0
32999 0
33059 0
33119 0
33179 0
33239 0
33299 0
33359 0
33419 0
33479 0
33539 0
33599 0
33659 0
33719 0
33779 0
33839 0
33899 0
33959 0
34019 0
34079 0
34139 0
34199 0
34259 0
34319 0
34379 0
34439 1
34499 1
34559 1
34619 1
34679 1
34739 1
34799 1
34859 1
34919 1
34979 1
35039 1
35099 1
35159 1
35219 1
35279 1
35339 1
35399 1
35459 1
35519 1
35579 1
35639 1
35699 1
35759 1
35819 1
35879 1
35939 1
35999 1
36059 1
36119 1
36179 1
36239 1
36299 1
36359 1
36419 1
36479 1
36539 1
36599 1
36659 1
36719 1
36779 1
36839 1
36899 1
36959 1
37019 1
37079 1
37139 1
37199 1
37259 1
37319 1
37379 1
37439 1
37499 1
37559 1
37619 1
37679 1
37739 1
37799 1
37859 1
37919 1
37979 1
38039 1
38099 1
38159 1
38219 1
38279 1
38339 1
38399 1
38459 1
38519 1
38579 1
38639 1
38699 1
38759 1
38819 1
38879 1
38939 1
38999 1
39059 1
39119 1
39179 1
39239 1
39299 1
39359 1
39419 1
39479 1
39539 1
39599 1
39659 1
39719 1
39779 1
39839 1
39899 1
39959 1
40019 1
40079 1
40139 1
40199 1
40259 1
40319 1
40379 1
40439 1
40499 1
40559 1
40619 1
40679 1
40739 1
40799 1
40859 1
40919 1
40979 1
41039 1
41099 1
41159 1
41219 1
41279 1
41339 1
41399 1
41459 1
41519 1
41579 1
41639 1
41699 1
41759 0
41819 0
41879 0
41939 1
41999 1
42059 1
42119 1
42179 1
42239 1
42299 1
42359 1
42419 1
42479 1
42539 1
42599 1
42659 1
42719 1
42779 1
42839 1
42899 1
42959 1
43019 1
43079 1
43139 1
43199 1
43259 1
43319 1
43379 1
43439 1
43499 1
43559 1
43619 1
43679 1
43739 1
43799 1
43859 1
43919 1
43979 1
44039 1
44099 1
44159 1
44219 1
44279 1
44339 1
44399 1
44459 1
44519 1
44579 1
44639 1
44699 1
44759 1
44819 1
44879 1
44939 1
44999 1
45059 0
45119 0
45179 0
45239 0
45299 0
45359 0
45419 0
45479 0
45539 0
45599 1
45659 1
45719 1
45779 1
45839 1
45899 1
45959 1
46019 1
46079 1
46139 1
46199 1
46259 1
46319 1
46379 1
46439 1
46499 1
46559 1
46619 1
46679 1
46739 1
46799 1
46859 1
46919 1
46979 1
47039 1
47099 1
47159 1
47219 1
47279 1
47339 1
47399 1
47459 1
47519 1
47579 1
47639 1
47699 1
47759 1
47819 1
47879 1
47939 1
47999 1
48059 1
48119 1
48179 1
48239 1
48299 1
48359 1
48419 1
48479 1
48539 1
48599 1
48659 0
48719 0
48779 0
48839 0
48899 0
48959 0
49019 0
49079 0
49139 0
49199 0
49259 0
49319 0
49379 0
49439 0
49499 0
49559 0
49619 1
49679 1
49739 1
49799 1
49859 1
49919 1
49979 1
50039 1
50099 1
50159 1
50219 1
50279 1
50339 1
50399 1
50459 1
50519 1
50579 1
50639 1
50699 1
50759 1
50819 1
50879 1
50939 1
50999 1
51059 1
51119 1
51179 1
51239 1
51299 1
51359 1
51419 1
51479 1
51539 1
51599 1
51659 1
51719 1
51779 1
51839 1
51899 1
51959 1
52019 1
52079 1
52139 1
52199 1
52259 1
52319 1
52379 1
52439 1
52499 1
52559 1
52619 1
52679 1
52739 1
52799 1
52859 1
52919 1
52979 1
53039 1
53099 1
53159 1
53219 1
53279 1
53339 1
53399 1
53459 1
53519 1
53579 1
53639 1
53699 1
53759 1
53819 1
53879 1
53939 1
53999 1
54059 1
54119 1
54179 1
54239 1
54299 1
54359 1
54419 1
54479 1
54539 1
54599 1
54659 1
54719 1
54779 1
54839 1
54899 1
54959 1
55019 1
55079 1
55139 1
55199 1
55259 1
55319 1
55379 1
55439 1
55499 1
55559 1
55619 1
55679 1
55739 1
55799 1
55859 1
55919 1
55979 1
56039 1
56099 1
56159 1
56219 1
56279 1
56339 1
56399 1
56459 1
56519 1
56579 1
56639 1
56699 1
56759 1
56819 1
56879 1
56939 1
56999 1
57059 1
57119 1
57179 1
57239 1
57299 1
57359 1
57419 1
57479 1
57539 1
57599 1
57659 1
57719 1
57779 1
57839 1
57899 1
57959 1
58019 1
58079 1
58139 1
58199 1
58259 1
58319 1
58379 1
58439 1
58499 1
58559 1
58619 1
58679 1
58739 1
58799 1
58859 1
58919 1
58979 1
59039 1
59099 1
59159 1
59219 1
59279 1
59339 1
59399 1
59459 1
59519 1
59579 1
59639 1
59699 1
59759 1
59819 1
59879 1
59939 1
59999 1
60059 1
60119 1
60179 1
60239 1
60299 1
60359 1
60419 1
60479 1
60539 1
60599 1
60659 1
60719 1
60779 1
60839 1
60899 1
60959 1
61019 1
61079 1
61139 1
61199 1
61259 1
61319 1
61379 1
61439 1
61499 1
61559 1
61619 1
61679 1
61739 1
61799 1
61859 1
61919 1
61979 1
62039 1
62099 1
62159 1
62219 1
62279 1
62339 1
62399 1
62459 1
62519 1
62579 1
62639 1
62699 1
62759 1
62819 1
62879 1
62939 1
62999 1
63059 1
63119 1
63179 1
63239 1
63299 1
63359 1
63419 1
63479 1
63539 1
63599 1
63659 1
63719 1
63779 1
63839 1
63899 1
63959 1
64019 1
64079 1
64139 1
64199 1
64259 1
64319 1
64379 1
64439 1
64499 1
64559 1
64619 1
64679 1
64739 1
64799 1
64859 1
64919 1
64979 1
65039 1
65099 1
65159 1
65219 1
65279 1
65339 1
65399 1
65459 1
65519 1
65579 1
65639 1
65699 1
65759 1
65819 1
65879 1
65939 1
65999 1
66059 1
66119 1
66179 1
66239 1
66299 1
66359 1
66419 1
66479 1
66539 1
66599 1
66659 1
66719 1
66779 1
66839 1
66899 0
66959 0
67019 0
67079 0
67139 0
67199 0
67259 0
67319 0
67379 0
67439 0
67499 0
67559 0
67619 0
67679 0
67739 0
67799 0
67859 0
67919 0
67979 0
68039 0
68099 0
68159 0
68219 0
68279 0
68339 0
68399 0
68459 0
68519 0
68579 0
68639 0
68699 0
68759 0
68819 0
68879 0
68939 0
68999 0
69059 0
69119 0
69179 0
69239 0
69299 0
69359 0
69419 0
69479 0
69539 0
69599 0
69659 0
69719 0
69779 0
69839 0
69899 0
69959 0
70019 0
70079 0
70139 0
70199 0
70259 0
70319 0
70379 0
70439 0
70499 0
70559 0
70619 0
70679 0
70739 0
70799 0
70859 0
70919 0
70979 0
71039 0
71099 0
71159 0
71219 0
71279 0
71339 0
71399 0
71459 0
71519 0
71579 0
71639 0
71699 0
71759 0
71819 0
71879 0
71939 0
71999 0
72059 0
72119 0
72179 0
72239 0
72299 0
72359 0
72419 0
72479 0
72539 0
72599 0
72659 0
72719 0
72779 0
72839 0
72899 0
72959 0
73019 0
73079 0
73139 0
73199 0
73259 0
73319 0
73379 0
73439 0
73499 0
73559 0
73619 0
73679 0
73739 0
73799 0
73859 0
73919 0
73979 0
74039 0
74099 0
74159 0
74219 0
74279 0
74339 0
74399 0
74459 0
74519 0
74579 0
74639 0
74699 0
74759 0
74819 0
74879 0
74939 0
74999 0
75059 0
75119 0
75179 0
75239 0
75299 0
75359 0
75419 0
75479 0
75539 0
75599 0
75659 0
75719 0
75779 0
75839 0
75899 0
75959 0
76019 0
76079 0
76139 0
76199 0
76259 0
76319 0
76379 0
76439 0
76499 0
76559 0
76619 0
76679 0
76739 0
76799 0
76859 0
76919 0
76979 0
77039 0
77099 0
77159 0
77219 0
77279 0
77339 0
77399 0
77459 0
77519 0
77579 0
77639 0
77699 0
77759 0
77819 0
77879 0
77939 0
77999 0
78059 0
78119 0
78179 0
78239 0
78299 0
78359 0
78419 0
78479 0
78539 0
78599 0
78659 0
78719 0
78779 0
78839 0
78899 0
78959 0
79019 0
79079 0
79139 0
79199 0
79259 0
79319 0
79379 0
79439 0
79499 0
79559 0
79619 0
79679 0
79739 0
79799 0
79859 0
79919 0
79979 0
80039 0
80099 0
80159 0
80219 0
80279 0
80339 0
80399 0
80459 0
80519 0
80579 0
80639 0
80699 0
80759 0
80819 0
80879 0
80939 0
80999 0
81059 0
81119 0
81179 0
81239 0
81299 0
81359 0
81419 0
81479 0
81539 0
81599 0
81659 0
81719 0
81779 0
81839 0
81899 0
81959 0
82019 0
82079 0
82139 0
82199 0
82259 0
82319 0
82379 0
82439 0
82499 0
82559 0
82619 0
82679 0
82739 0
82799 0
82859 0
82919 0
82979 0
83039 0
83099 0
83159 0
83219 0
83279 0
83339 0
83399 0
83459 0
83519 0
83579 0
83639 0
83699 0
83759 0
83819 0
83879 0
83939 0
83999 0
84059 0
84119 0
84179 0
84239 0
84299 0
84359 0
84419 0
84479 0
84539 0
84599 0
84659 0
84719 0
84779 0
84839 0
84899 0
84959 0
85019 0
85079 0
85139 0
85199 0
85259 0
85319 0
85379 0
85439 0
85499 0
85559 0
85619 0
85679 0
85739 0
85799 0
85859 0
85919 0
85979 0
86039 0
86099 0
86159 0
86219 0
86279 0
86339 0
86399 0
86459 0
86519 0
86579 0
86639 0
86699 0
86759 0
86819 0
86879 0
86939 0
86999 0
87059 0
87119 0
87179 0
87239 0
87299 0
87359 0
87419 0
87479 0
87539 0
87599 0
87659 0
87719 0
87779 0
87839 0
87899 0
87959 0
88019 0
88079 0
88139 0
88199 0
88259 0
88319 0
88379 0
88439 0
88499 0
88559 0
88619 0
88679 0
88739 0
88799 0
88859 0
88919 0
88979 0
89039 0
89099 0
89159 0
89219 0
89279 0
89339 0
89399 0
89459 0
89519 0
89579 0
89639 0
89699 0
89759 0
89819 0
89879 0
89939 0
89999 0
90059 0
90119 0
90179 0
90239 0
90299 0
90359 0
90419 0
90479 0
90539 0
90599 0
90659 0
90719 0
90779 0
90839 0
90899 0
90959 0
91019 0
91079 0
91139 0
91199 0
91259 0
91319 0
91379 0
91439 0
91499 0
91559 0
91619 0
91679 0
91739 0
91799 0
91859 0
91919 0
91979 0
92039 0
92099 0
92159 0
92219 0
92279 0
92339 0
92399 0
92459 0
92519 0
92579 0
92639 0
92699 0
92759 0
92819 0
92879 0
92939 0
92999 0
93059 0
93119 0
93179 0
93239 0
93299 0
93359 0
93419 0
93479 0
93539 0
93599 0
93659 0
93719 0
93779 0
93839 0
93899 0
93959 0
94019 0
94079 0
94139 0
94199 0
94259 0
94319 0
94379 0
94439 0
94499 0
94559 0
94619 0
94679 0
94739 0
94799 0
94859 0
94919 0
94979 0
95039 0
95099 0
95159 0
95219 0
95279 0
95339 0
95399 0
95459 0
95519 0
95579 0
95639 0
95699 0
95759 0
95819 0
95879 0
95939 0
95999 0
96059 0
96119 0
96179 0
96239 0
96299 0
96359 0
96419 0
96479 0
96539 0
96599 0
96659 0
96719 0
96779 0
96839 0
96899 0
96959 0
97019 0
97079 0
97139 0
97199 0
97259 0
97319 0
97379 0
97439 0
97499 0
97559 0
97619 0
97679 0
97739 0
97799 0
97859 0
97919 0
97979 0
98039 0
98099 0
98159 0
98219 0
98279 0
98339 0
98399 0
98459 0
98519 0
98579 0
98639 0
98699 0
98759 0
98819 0
98879 0
98939 0
98999 0
99059 0
99119 0
99179 0
99239 0
99299 0
99359 0
99419 0
99479 0
99539 0
99599 0
99659 0
99719 0
99779 0
99839 0
99899 0
99959 0
100019 0
100079 0
100139 0
100199 0
100259 0
100319 0
100379 0
100439 0
100499 0
100559 0
100619 0
100679 0
100739 0
100799 0
100859 0
100919 0
100979 0
101039 0
101099 0
101159 0
101219 0
101279 0
101339 0
101399 0
101459 0
101519 0
101579 0
101639 0
101699 0
101759 0
101819 0
101879 0
101939 0
101999 0
102059 0
102119 0
102179 0
102239 0
102299 0
102359 0
102419 0
102479 0
102539 0
102599 0
102659 0
102719 0
102779 0
102839 0
102899 0
102959 0
103019 0
103079 0
103139 0
103199 0
103259 0
103319 0
103379 0
103439 0
103499 0
103559 0
103619 0
103679 0
103739 0
103799 0
103859 0
103919 0
103979 0
104039 0
104099 0
104159 0
104219 0
104279 0
104339 0
104399 0
104459 0
104519 0
104579 0
104639 0
104699 0
104759 0
104819 0
104879 0
104939 0
104999 0
105059 0
105119 0
105179 0
105239 0
105299 0
105359 0
105419 0
105479 0
105539 0
105599 0
105659 0
105719 0
105779 0
105839 0
105899 0
105959 0
106019 0
106079 0
106139 0
106199 0
106259 0
106319 0
106379 0
106439 0
106499 0
106559 0
106619 0
106679 0
106739 0
106799 0
106859 0
106919 0
106979 0
107039 0
107099 0
107159 0
107219 0
107279 0
107339 0
107399 0
107459 0
107519 0
107579 0
107639 0
107699 0
107759 0
107819 0
107879 0
107939 0
107999 0
108059 0
108119 0
108179 0
108239 0
108299 0
108359 0
108419 0
108479 0
108539 0
108599 0
108659 0
108719 0
108779 0
108839 0
108899 0
108959 0
109019 0
109079 0
109139 0
109199 0
109259 0
109319 0
109379 0
109439 0
109499 0
109559 0
109619 0
109679 0
109739 0
109799 0
109859 0
109919 0
109979 0
110039 0
110099 0
110159 0
110219 0
110279 0
110339 0
110399 0
110459 0
110519 0
110579 0
110639 0
110699 0
110759 0
110819 0
110879 0
110939 0
110999 0
111059 0
111119 0
111179 0
111239 0
111299 0
111359 0
111419 0
111479 0
111539 0
111599 0
111659 0
111719 0
111779 0
111839 0
111899 0
111959 0
112019 0
112079 0
112139 0
112199 0
112259 0
112319 0
112379 0
112439 0
112499 0
112559 0
112619 0
112679 0
112739 0
112799 0
112859 0
112919 0
112979 0
113039 0
113099 0
113159 0
113219 0
113279 0
113339 0
113399 0
113459 0
113519 0
113579 0
113639 0
113699 0
113759 0
113819 0
113879 0
113939 0
113999 0
114059 0
114119 0
114179 0
114239 0
114299 0
114359 0
114419 0
114479 0
114539 0
114599 0
114659 0
114719 0
114779 0
114839 0
114899 0
114959 0
115019 0
115079 0
115139 0
115199 0
115259 0
115319 0
115379 0
115439 0
115499 0
115559 0
115619 0
115679 0
115739 0
115799 0
115859 0
115919 0
115979 0
116039 0
116099 0
116159 0
116219 0
116279 0
116339 0
116399 0
116459 0
116519 0
116579 0
116639 0
116699 0
116759 0
116819 0
116879 0
116939 0
116999 0
117059 0
117119 0
117179 0
117239 0
117299 0
117359 0
117419 0
117479 0
117539 0
117599 0
117659 0
117719 0
117779 0
117839 0
117899 0
117959 0
118019 0
118079 0
118139 0
118199 0
118259 0
118319 0
118379 0
118439 0
118499 0
118559 0
118619 0
118679 0
118739 0
118799 0
118859 0
118919 0
118979 0
119039 0
119099 0
119159 0
119219 0
119279 0
119339 0
119399 0
119459 0
119519 0
119579 0
119639 0
119699 0
119759 0
119819 0
119879 0
119939 0
119999 0
120059 0
120119 0
120179 0
120239 0
120299 0
120359 0
120419 0
120479 1
120539 1
120599 1
120659 1
120719 1
120779 1
120839 1
120899 1
120959 1
121019 1
121079 1
121139 1
121199 1
121259 1
121319 1
121379 1
121439 1
121499 1
121559 1
121619 1
121679 1
121739 1
121799 1
121859 1
121919 1
121979 1
122039 1
122099 1
122159 1
122219 1
122279 1
122339 1
122399 1
122459 1
122519 1
122579 1
122639 1
122699 1
122759 1
122819 1
122879 1
122939 1
122999 1
123059 1
123119 1
123179 1
123239 1
123299 1
123359 1
123419 1
123479 1
123539 1
123599 1
123659 1
123719 1
123779 1
123839 1
123899 1
123959 1
124019 1
124079 1
124139 1
124199 1
124259 1
124319 1
124379 1
124439 1
124499 1
124559 1
124619 1
124679 1
124739 1
124799 1
124859 1
124919 1
124979 1
125039 1
125099 1
125159 1
125219 1
125279 1
125339 1
125399 1
125459 1
125519 1
125579 1
125639 1
125699 1
125759 1
125819 1
125879 1
125939 1
125999 1
126059 1
126119 1
126179 1
126239 1
126299 1
126359 1
126419 1
126479 1
126539 1
126599 1
126659 1
126719 1
126779 1
126839 1
126899 1
126959 1
127019 1
127079 1
127139 1
127199 1
127259 1
127319 1
127379 1
127439 1
127499 1
127559 1
127619 1
127679 1
127739 1
127799 1
127859 1
127919 1
127979 1
128039 1
128099 1
128159 1
128219 1
128279 1
128339 1
128399 1
128459 1
128519 1
128579 1
128639 1
128699 1
128759 1
128819 1
128879 1
128939 1
128999 1
129059 1
129119 1
129179 1
129239 1
129299 1
129359 1
129419 1
129479 1
129539 1
129599 1
129659 1
129719 1
129779 1
129839 1
129899 1
129959 1
130019 1
130079 1
130139 1
130199 1
130259 1
130319 1
130379 1
130439 1
130499 1
130559 1
130619 1
130679 1
130739 1
130799 1
130859 1
130919 1
130979 1
131039 1
131099 1
131159 1
131219 1
131279 1
131339 1
131399 1
131459 1
131519 1
131579 1
131639 1
131699 1
131759 1
131819 1
131879 1
131939 1
131999 0
132059 0
132119 0
132179 0
132239 0
132299 0
132359 0
132419 0
132479 0
132539 0
132599 0
132659 0
132719 0
132779 0
132839 0
132899 0
132959 0
133019 0
133079 0
133139 0
133199 0
133259 0
133319 0
133379 0
133439 0
133499 0
133559 0
133619 0
133679 0
133739 0
133799 0
133859 0
133919 0
133979 0
134039 0
134099 0
134159 0
134219 0
134279 0
134339 0
134399 0
134459 0
134519 0
134579 0
134639 0
134699 0
134759 0
134819 0
134879 0
134939 0
134999 0
135059 0
135119 0
135179 0
135239 0
135299 0
135359 0
135419 0
135479 0
135539 0
135599 0
135659 0
135719 0
135779 0
135839 0
135899 0
135959 0
136019 0
136079 0
136139 0
136199 0
136259 0
136319 1
136379 1
136439 1
136499 1
136559 1
136619 1
136679 1
136739 1
136799 1
136859 1
136919 1
136979 1
137039 1
137099 1
137159 1
137219 1
137279 1
137339 1
137399 1
137459 1
137519 1
137579 1
137639 1
137699 1
137759 1
137819 1
137879 1
137939 1
137999 1
138059 1
138119 1
138179 1
138239 1
138299 1
138359 1
138419 1
138479 1
138539 1
138599 1
138659 1
138719 1
138779 1
138839 1
138899 1
138959 1
139019 1
139079 1
139139 1
139199 1
139259 1
139319 1
139379 1
139439 1
139499 1
139559 1
139619 1
139679 1
139739 1
139799 1
139859 1
139919 1
139979 1
140039 1
140099 1
140159 1
140219 1
140279 1
140339 1
140399 1
140459 1
140519 1
140579 1
140639 1
140699 1
140759 1
140819 1
140879 1
140939 1
140999 1
141059 1
141119 1
141179 1
141239 1
141299 1
141359 1
141419 1
141479 1
141539 1
141599 1
141659 1
141719 1
141779 1
141839 1
141899 1
141959 1
142019 1
142079 1
142139 1
142199 1
142259 1
142319 1
142379 1
142439 1
142499 1
142559 1
142619 1
142679 1
142739 1
142799 1
142859 1
142919 1
142979 1
143039 1
143099 1
143159 1
143219 1
143279 1
143339 1
143399 1
143459 1
143519 1
143579 1
143639 1
143699 1
143759 1
143819 1
143879 1
143939 1
143999 1
144059 1
144119 1
144179 1
144239 1
144299 1
144359 1
144419 1
144479 1
144539 1
144599 1
144659 1
144719 1
144779 1
144839 1
144899 1
144959 1
145019 1
145079 1
145139 1
145199 1
145259 1
145319 1
145379 1
145439 1
145499 1
145559 1
145619 1
145679 1
145739 1
145799 1
145859 1
145919 1
145979 1
146039 1
146099 1
146159 1
146219 1
146279 1
146339 1
146399 1
146459 1
146519 1
146579 1
146639 1
146699 1
146759 1
146819 1
146879 1
146939 1
146999 1
147059 1
147119 1
147179 1
147239 1
147299 1
147359 1
147419 1
147479 1
147539 1
147599 1
147659 1
147719 1
147779 1
147839 1
147899 1
147959 1
148019 1
148079 1
148139 1
148199 1
148259 1
148319 1
148379 1
148439 1
148499 1
148559 1
148619 1
148679 1
148739 1
148799 1
148859 1
148919 1
148979 1
149039 1
149099 1
149159 1
149219 1
149279 1
149339 1
149399 1
149459 1
149519 1
149579 1
149639 1
149699 1
149759 1
149819 1
149879 1
149939 1
149999 1
150059 1
150119 1
150179 1
150239 1
150299 1
150359 1
150419 1
150479 1
150539 1
150599 1
150659 1
150719 1
150779 1
150839 1
150899 1
150959 1
151019 1
151079 1
151139 1
151199 1
151259 1
151319 1
151379 1
151439 1
151499 1
151559 1
151619 1
151679 1
151739 1
151799 1
151859 1
151919 1
151979 1
152039 1
152099 1
152159 1
152219 1
152279 1
152339 1
152399 1
152459 1
152519 1
152579 1
152639 1
152699 1
152759 1
152819 1
152879 1
152939 1
152999 1
153059 1
153119 1
153179 1
153239 1
153299 1
153359 1
153419 1
153479 1
153539 1
153599 1
153659 1
153719 1
153779 0
153839 0
153899 0
153959 0
154019 0
154079 0
154139 0
154199 0
154259 0
154319 0
154379 0
154439 0
154499 0
154559 0
154619 0
154679 0
154739 0
154799 0
154859 0
154919 0
154979 0
155039 0
155099 0
155159 0
155219 0
155279 0
155339 0
155399 0
155459 0
155519 0
155579 0
155639 0
155699 0
155759 0
155819 0
155879 0
155939 0
155999 0
156059 0
156119 0
156179 0
156239 0
156299 0
156359 0
156419 0
156479 0
156539 0
156599 0
156659 0
156719 0
156779 0
156839 0
156899 0
156959 0
157019 0
157079 0
157139 0
157199 0
157259 0
157319 0
157379 0
157439 0
157499 0
157559 0
157619 0
157679 0
157739 0
157799 0
157859 0
157919 0
157979 0
158039 0
158099 0
158159 0
158219 0
158279 0
158339 0
158399 0
158459 0
158519 0
158579 0
158639 0
158699 0
158759 0
158819 0
158879 0
158939 0
158999 0
159059 0
159119 0
159179 0
159239 0
159299 0
159359 0
159419 0
159479 0
159539 0
159599 0
159659 0
159719 0
159779 0
159839 0
159899 0
159959 0
160019 0
160079 1
160139 1
160199 1
160259 0
160319 0
160379 0
160439 0
160499 0
160559 0
160619 0
160679 0
160739 0
160799 0
160859 0
160919 0
160979 0
161039 0
161099 0
161159 0
161219 0
161279 0
161339 0
161399 0
161459 0
161519 1
161579 1
161639 1
161699 1
161759 1
161819 1
161879 1
161939 1
161999 1
162059 1
162119 1
162179 1
162239 1
162299 1
162359 1
162419 1
162479 1
162539 1
162599 1
162659 1
162719 1
162779 1
162839 1
162899 1
162959 1
163019 1
163079 1
163139 1
163199 1
163259 1
163319 1
163379 1
163439 1
163499 1
163559 1
163619 1
163679 1
163739 1
163799 1
163859 1
163919 1
163979 1
164039 1
164099 1
164159 1
164219 1
164279 1
164339 1
164399 1
164459 1
164519 1
164579 1
164639 1
164699 1
164759 1
164819 1
164879 1
164939 1
164999 1
165059 1
165119 1
165179 1
165239 1
165299 1
165359 1
165419 1
165479 1
165539 1
165599 1
165659 1
165719 1
165779 1
165839 1
165899 1
165959 1
166019 1
166079 1
166139 1
166199 1
166259 1
166319 1
166379 1
166439 1
166499 1
166559 1
166619 1
166679 1
166739 1
166799 1
166859 1
166919 1
166979 1
167039 1
167099 1
167159 1
167219 1
167279 1
167339 1
167399 0
167459 0
167519 0
167579 0
167639 0
167699 0
167759 0
167819 0
167879 0
167939 0
167999 0
168059 0
168119 0
168179 0
168239 0
168299 0
168359 0
168419 0
168479 0
168539 0
168599 0
168659 0
168719 0
168779 0
168839 0
168899 0
168959 0
169019 0
169079 0
169139 0
169199 0
169259 0
169319 0
169379 0
169439 0
169499 0
169559 0
169619 0
169679 0
169739 0
169799 0
169859 0
169919 0
169979 0
170039 0
170099 0
170159 0
170219 0
170279 0
170339 0
170399 0
170459 0
170519 0
170579 0
170639 0
170699 0
170759 0
170819 0
170879 0
170939 0
170999 0
171059 0
171119 0
171179 0
171239 0
171299 0
171359 0
171419 0
171479 0
171539 0
171599 0
171659 0
171719 0
171779 0
171839 0
171899 0
171959 0
172019 0
172079 0
172139 0
172199 0
172259 0
172319 0
172379 0
172439 0
172499 0
172559 0
172619 0
172679 0
172739 0
172799 0
172859 0
172919 0
172979 0
173039 0
173099 0
173159 0
173219 0
173279 0
173339 0
173399 0
173459 0
173519 0
173579 0
173639 0
173699 0
173759 0
173819 0
173879 0
173939 0
173999 0
174059 0
174119 0
174179 0
174239 0
174299 0
174359 0
174419 0
174479 0
174539 0
174599 0
174659 0
174719 0
174779 0
174839 0
174899 0
174959 0
175019 0
175079 0
175139 0
175199 0
175259 0
175319 0
175379 0
175439 0
175499 0
175559 0
175619 0
175679 0
175739 0
175799 0
175859 0
175919 0
175979 0
176039 0
176099 0
176159 0
176219 0
176279 0
176339 0
176399 0
176459 0
176519 0
176579 0
176639 0
176699 0
176759 0
176819 0
176879 0
176939 0
176999 0
177059 0
177119 0
177179 0
177239 0
177299 0
177359 0
177419 0
177479 0
177539 0
177599 0
177659 0
177719 0
177779 0
177839 0
177899 0
177959 0
178019 0
178079 0
178139 0
178199 0
178259 0
178319 0
178379 0
178439 0
178499 0
178559 0
178619 0
178679 0
178739 0
178799 0
178859 0
178919 0
178979 0
179039 0
179099 0
179159 0
179219 0
179279 0
179339 0
179399 0
179459 0
179519 0
179579 0
179639 0
179699 0
179759 0
179819 0
179879 0
179939 0
179999 0
180059 0
180119 0
180179 0
180239 0
180299 0
180359 0
180419 0
180479 0
180539 0
180599 0
180659 0
180719 0
180779 0
180839 0
180899 0
180959 0
181019 0
181079 0
181139 0
181199 0
181259 0
181319 0
181379 0
181439 0
181499 0
181559 0
181619 0
181679 0
181739 0
181799 0
181859 0
181919 0
181979 0
182039 0
182099 0
182159 0
182219 0
182279 0
182339 0
182399 0
182459 0
182519 0
182579 0
182639 0
182699 0
182759 0
182819 0
182879 0
182939 0
182999 0
183059 0
183119 0
183179 0
183239 0
183299 0
183359 0
183419 0
183479 0
183539 0
183599 0
183659 0
183719 0
183779 0
183839 0
183899 0
183959 0
184019 0
184079 0
184139 0
184199 0
184259 0
184319 0
184379 0
184439 0
184499 0
184559 0
184619 0
184679 0
184739 0
184799 0
184859 0
184919 0
184979 0
185039 0
185099 0
185159 0
185219 0
185279 0
185339 0
185399 0
185459 0
185519 0
185579 0
185639 0
185699 0
185759 0
185819 0
185879 0
185939 0
185999 0
186059 0
186119 0
186179 0
186239 0
186299 0
186359 0
186419 0
186479 0
186539 0
186599 0
186659 0
186719 0
186779 0
186839 0
186899 0
186959 0
187019 0
187079 0
187139 0
187199 0
187259 0
187319 0
187379 0
187439 0
187499 0
187559 0
187619 0
187679 0
187739 0
187799 0
187859 0
187919 0
187979 0
188039 0
188099 0
188159 0
188219 0
188279 0
188339 0
188399 0
188459 0
188519 0
188579 0
188639 0
188699 0
188759 0
188819 0
188879 0
188939 0
188999 0
189059 0
189119 0
189179 0
189239 0
189299 0
189359 0
189419 0
189479 0
189539 0
189599 0
189659 0
189719 0
189779 0
189839 0
189899 0
189959 0
190019 0
190079 0
190139 0
190199 0
190259 0
190319 0
190379 0
190439 0
190499 0
190559 0
190619 0
190679 0
190739 0
190799 0
190859 0
190919 0
190979 0
191039 0
191099 0
191159 0
191219 0
191279 0
191339 0
191399 0
191459 0
191519 0
191579 0
191639 0
191699 0
191759 0
191819 0
191879 0
191939 0
191999 0
192059 0
192119 0
192179 0
192239 0
192299 0
192359 0
192419 0
192479 0
192539 0
192599 0
192659 0
192719 0
192779 0
192839 0
192899 0
192959 0
193019 0
193079 0
193139 0
193199 0
193259 0
193319 0
193379 0
193439 0
193499 0
193559 0
193619 0
193679 0
193739 0
193799 0
193859 0
193919 0
193979 0
194039 0
194099 0
194159 0
194219 0
194279 0
194339 0
194399 0
194459 0
194519 0
194579 0
194639 0
194699 0
194759 0
194819 0
194879 0
194939 0
194999 0
195059 0
195119 0
195179 0
195239 0
195299 0
195359 0
195419 0
195479 0
195539 0
195599 0
195659 0
195719 0
195779 0
195839 0
195899 0
195959 0
196019 0
196079 0
196139 0
196199 0
196259 0
196319 0
196379 0
196439 0
196499 0
196559 0
196619 0
196679 0
196739 0
196799 0
196859 0
196919 0
196979 0
197039 0
197099 0
197159 0
197219 0
197279 0
197339 0
197399 0
197459 0
197519 0
197579 0
197639 0
197699 0
197759 0
197819 0
197879 0
197939 0
197999 0
198059 0
198119 0
198179 0
198239 0
198299 0
198359 0
198419 0
198479 0
198539 0
198599 0
198659 0
198719 0
198779 0
198839 0
198899 0
198959 0
199019 0
199079 0
199139 0
199199 0
199259 0
199319 0
199379 0
199439 0
199499 0
199559 0
199619 0
199679 0
199739 0
199799 0
199859 0
199919 0
199979 0
200039 0
200099 0
200159 0
200219 0
200279 0
200339 0
200399 0
200459 0
200519 0
200579 0
200639 0
200699 0
200759 0
200819 0
200879 0
200939 0
200999 0
201059 0
201119 0
201179 0
201239 0
201299 0
201359 0
201419 0
201479 0
201539 0
201599 0
201659 0
201719 0
201779 0
201839 0
201899 0
201959 0
202019 0
202079 0
202139 0
202199 0
202259 0
202319 0
202379 0
202439 0
202499 0
202559 0
202619 0
202679 0
202739 0
202799 0
202859 0
202919 0
202979 0
203039 0
203099 0
203159 0
203219 0
203279 0
203339 0
203399 0
203459 0
203519 0
203579 0
203639 0
203699 0
203759 0
203819 0
203879 0
203939 0
203999 0
204059 0
204119 0
204179 0
204239 0
204299 0
204359 0
204419 0
204479 0
204539 0
204599 0
204659 0
204719 0
204779 0
204839 0
204899 0
204959 0
205019 0
205079 0
205139 0
205199 0
205259 0
205319 0
205379 0
205439 0
205499 0
205559 0
205619 0
205679 0
205739 0
205799 0
205859 0
205919 0
205979 0
206039 0
206099 0
206159 0
206219 0
206279 0
206339 0
206399 0
206459 0
206519 0
206579 0
206639 0
206699 0
206759 0
206819 0
206879 0
206939 0
206999 0
207059 0
207119 0
207179 0
207239 0
207299 0
207359 0
207419 0
207479 0
207539 0
207599 0
207659 0
207719 0
207779 0
207839 0
207899 0
207959 0
208019 0
208079 0
208139 0
208199 0
208259 0
208319 0
208379 0
208439 0
208499 0
208559 0
208619 0
208679 0
208739 0
208799 0
208859 0
208919 0
208979 0
209039 0
209099 0
209159 0
209219 0
209279 0
209339 0
209399 0
209459 0
209519 0
209579 0
209639 0
209699 0
209759 0
209819 0
209879 0
209939 0
209999 0
210059 0
210119 0
210179 0
210239 0
210299 0
210359 0
210419 0
210479 0
210539 1
210599 1
210659 1
210719 1
210779 1
210839 1
210899 1
210959 1
211019 1
211079 1
211139 1
211199 1
211259 1
211319 1
211379 1
211439 1
211499 1
211559 1
211619 1
211679 1
211739 1
211799 1
211859 1
211919 1
211979 1
212039 1
212099 1
212159 1
212219 1
212279 1
212339 1
212399 1
212459 1
212519 1
212579 1
212639 1
212699 1
212759 1
212819 1
212879 1
212939 1
212999 1
213059 1
213119 1
213179 1
213239 1
213299 1
213359 1
213419 1
213479 1
213539 1
213599 1
213659 1
213719 1
213779 1
213839 1
213899 1
213959 1
214019 1
214079 1
214139 1
214199 1
214259 1
214319 1
214379 1
214439 1
214499 1
214559 1
214619 1
214679 1
214739 1
214799 1
214859 1
214919 1
214979 1
215039 1
215099 1
215159 1
215219 1
215279 1
215339 1
215399 1
215459 1
215519 1
215579 1
215639 1
215699 1
215759 1
215819 1
215879 1
215939 1
215999 1
216059 1
216119 1
216179 1
216239 1
216299 1
216359 1
216419 1
216479 1
216539 1
216599 1
216659 1
216719 1
216779 1
216839 1
216899 1
216959 1
217019 1
217079 1
217139 1
217199 1
217259 1
217319 1
217379 1
217439 1
217499 1
217559 1
217619 1
217679 1
217739 1
217799 0
217859 0
217919 0
217979 0
218039 0
218099 0
218159 0
218219 0
218279 0
218339 0
218399 0
218459 0
218519 0
218579 0
218639 0
218699 0
218759 0
218819 0
218879 0
218939 0
218999 0
219059 0
219119 0
219179 0
219239 0
219299 0
219359 0
219419 0
219479 0
219539 0
219599 0
219659 0
219719 0
219779 0
219839 0
219899 0
219959 0
220019 0
220079 0
220139 0
220199 0
220259 0
220319 0
220379 0
220439 0
220499 0
220559 0
220619 1
220679 1
220739 1
220799 1
220859 1
220919 1
220979 1
221039 1
221099 1
221159 1
221219 1
221279 1
221339 1
221399 1
221459 1
221519 1
221579 1
221639 1
221699 1
221759 1
221819 1
221879 1
221939 1
221999 1
222059 1
222119 1
222179 1
222239 1
222299 1
222359 1
222419 1
222479 1
222539 1
222599 1
222659 1
222719 1
222779 1
222839 1
222899 1
222959 1
223019 1
223079 1
223139 1
223199 1
223259 1
223319 1
223379 1
223439 1
223499 1
223559 1
223619 1
223679 1
223739 1
223799 1
223859 1
223919 1
223979 1
224039 1
224099 1
224159 1
224219 1
224279 1
224339 1
224399 1
224459 1
224519 1
224579 1
224639 1
224699 1
224759 1
224819 1
224879 1
224939 1
224999 1
225059 1
225119 1
225179 1
225239 1
225299 1
225359 1
225419 1
225479 1
225539 1
225599 1
225659 1
225719 1
225779 0
225839 1
225899 1
225959 1
226019 1
226079 1
226139 1
226199 1
226259 1
226319 1
226379 1
226439 1
226499 1
226559 1
226619 1
226679 1
226739 1
226799 1
226859 1
226919 1
226979 1
227039 1
227099 1
227159 1
227219 1
227279 1
227339 1
227399 1
227459 1
227519 1
227579 1
227639 1
227699 1
227759 1
227819 1
227879 1
227939 1
227999 1
228059 1
228119 1
228179 1
228239 1
228299 1
228359 1
228419 1
228479 1
228539 1
228599 1
228659 1
228719 1
228779 1
228839 1
228899 1
228959 1
229019 1
229079 1
229139 1
229199 1
229259 1
229319 1
229379 1
229439 1
229499 1
229559 1
229619 1
229679 1
229739 1
229799 1
229859 1
229919 1
229979 1
230039 1
230099 1
230159 1
230219 1
230279 1
230339 1
230399 1
230459 1
230519 1
230579 1
230639 1
230699 1
230759 1
230819 1
230879 1
230939 1
230999 1
231059 1
231119 1
231179 1
231239 1
231299 1
231359 1
231419 1
231479 1
231539 1
231599 1
231659 1
231719 1
231779 1
231839 1
231899 1
231959 1
232019 1
232079 1
232139 1
232199 1
232259 1
232319 1
232379 1
232439 1
232499 1
232559 1
232619 1
232679 1
232739 1
232799 1
232859 1
232919 1
232979 1
233039 1
233099 1
233159 1
233219 1
233279 1
233339 1
233399 1
233459 1
233519 1
233579 1
233639 1
233699 1
233759 1
233819 1
233879 1
233939 1
233999 1
234059 1
234119 1
234179 1
234239 1
234299 1
234359 1
234419 1
234479 1
234539 1
234599 1
234659 1
234719 1
234779 1
234839 0
234899 0
234959 0
235019 0
235079 0
235139 0
235199 0
235259 0
235319 0
235379 0
235439 0
235499 0
235559 0
235619 0
235679 0
235739 0
235799 0
235859 0
235919 0
235979 0
236039 0
236099 0
236159 0
236219 0
236279 0
236339 0
236399 0
236459 0
236519 0
236579 0
236639 0
236699 0
236759 0
236819 0
236879 0
236939 0
236999 0
237059 0
237119 0
237179 0
237239 0
237299 0
237359 0
237419 0
237479 0
237539 0
237599 0
237659 0
237719 0
237779 0
237839 0
237899 0
237959 0
238019 0
238079 0
238139 0
238199 0
238259 0
238319 0
238379 0
238439 0
238499 0
238559 0
238619 0
238679 0
238739 0
238799 0
238859 0
238919 0
238979 0
239039 0
239099 0
239159 0
239219 0
239279 0
239339 0
239399 0
239459 0
239519 0
239579 0
239639 0
239699 0
239759 0
239819 0
239879 0
239939 0
239999 0
240059 0
240119 0
240179 0
240239 0
240299 0
240359 0
240419 0
240479 0
240539 0
240599 0
240659 0
240719 0
240779 0
240839 0
240899 0
240959 0
241019 0
241079 0
241139 0
241199 0
241259 0
241319 0
241379 0
241439 0
241499 0
241559 0
241619 0
241679 0
241739 1
241799 0
241859 0
241919 0
241979 0
242039 0
242099 0
242159 0
242219 0
242279 0
242339 0
242399 0
242459 0
242519 0
242579 0
242639 0
242699 0
242759 0
242819 0
242879 0
242939 0
242999 0
243059 0
243119 0
243179 0
243239 0
243299 0
243359 0
243419 0
243479 0
243539 0
243599 0
243659 0
243719 0
243779 0
243839 0
243899 0
243959 0
244019 0
244079 0
244139 0
244199 0
244259 0
244319 0
244379 0
244439 0
244499 0
244559 0
244619 0
244679 0
244739 0
244799 0
244859 0
244919 0
244979 0
245039 0
245099 0
245159 0
245219 0
245279 0
245339 0
245399 0
245459 0
245519 0
245579 0
245639 0
245699 0
245759 0
245819 0
245879 0
245939 0
245999 0
246059 0
246119 0
246179 0
246239 0
246299 0
246359 0
246419 0
246479 0
246539 0
246599 0
246659 0
246719 0
246779 0
246839 0
246899 0
246959 0
247019 0
247079 0
247139 0
247199 0
247259 0
247319 0
247379 0
247439 0
247499 0
247559 0
247619 0
247679 0
247739 0
247799 0
247859 0
247919 0
247979 0
248039 0
248099 0
248159 0
248219 0
248279 0
248339 0
248399 0
248459 0
248519 0
248579 0
248639 0
248699 0
248759 0
248819 0
248879 0
248939 0
248999 0
249059 0
249119 0
249179 0
249239 0
249299 0
249359 0
249419 0
249479 0
249539 0
249599 0
249659 0
249719 0
249779 0
249839 0
249899 0
249959 0
250019 0
250079 0
250139 0
250199 0
250259 0
250319 0
250379 0
250439 0
250499 0
250559 0
250619 0
250679 0
250739 0
250799 0
250859 0
250919 0
250979 0
251039 0
251099 0
251159 0
251219 0
251279 0
251339 0
251399 0
251459 0
251519 0
251579 0
251639 0
251699 0
251759 0
251819 0
251879 0
251939 0
251999 0
252059 0
252119 0
252179 0
252239 0
252299 0
252359 0
252419 0
252479 0
252539 0
252599 0
252659 0
252719 0
252779 0
252839 0
252899 0
252959 0
253019 0
253079 0
253139 0
253199 0
253259 0
253319 0
253379 0
253439 0
253499 0
253559 0
253619 0
253679 0
253739 0
253799 0
253859 0
253919 0
253979 0
254039 0
254099 0
254159 0
254219 0
254279 0
254339 0
254399 0
254459 0
254519 0
254579 0
254639 0
254699 0
254759 0
254819 0
254879 0
254939 0
254999 0
255059 0
255119 0
255179 0
255239 0
255299 0
255359 0
255419 0
255479 0
255539 0
255599 0
255659 0
255719 0
255779 0
255839 0
255899 0
255959 0
256019 0
256079 0
256139 0
256199 0
256259 0
256319 0
256379 0
256439 0
256499 0
256559 0
256619 0
256679 0
256739 0
256799 0
256859 0
256919 0
256979 0
257039 0
257099 0
257159 0
257219 0
257279 0
257339 0
257399 0
257459 0
257519 0
257579 0
257639 0
257699 0
257759 0
257819 0
257879 0
257939 0
257999 0
258059 0
258119 0
258179 0
258239 0
258299 0
258359 0
258419 0
258479 0
258539 0
258599 0
258659 0
258719 0
258779 0
258839 0
258899 0
258959 0
259019 0
259079 0
259139 0
259199 0
259259 0
259319 0
259379 0
259439 0
259499 0
259559 0
259619 0
259679 0
259739 0
259799 0
259859 0
259919 0
259979 0
260039 0
260099 0
260159 0
260219 0
260279 0
260339 0
260399 0
260459 0
260519 0
260579 0
260639 0
260699 0
260759 0
260819 0
260879 0
260939 0
260999 0
261059 0
261119 0
261179 0
261239 0
261299 0
261359 0
261419 0
261479 0
261539 0
261599 0
261659 0
261719 0
261779 0
261839 0
261899 0
261959 0
262019 0
262079 0
262139 0
262199 0
262259 0
262319 0
262379 0
262439 0
262499 0
262559 0
262619 0
262679 0
262739 0
262799 0
262859 0
262919 0
262979 0
263039 0
263099 0
263159 0
263219 0
263279 0
263339 0
263399 0
263459 0
263519 0
263579 0
263639 0
263699 0
263759 0
263819 0
263879 0
263939 0
263999 0
264059 0
264119 0
264179 0
264239 0
264299 0
264359 0
264419 0
264479 0
264539 0
264599 0
264659 0
264719 0
264779 0
264839 0
264899 0
264959 0
265019 0
265079 0
265139 0
265199 0
265259 0
265319 0
265379 0
265439 0
265499 0
265559 0
265619 0
265679 0
265739 0
265799 0
265859 0
265919 0
265979 0
266039 0
266099 0
266159 0
266219 0
266279 0
266339 0
266399 0
266459 0
266519 0
266579 0
266639 0
266699 0
266759 0
266819 0
266879 0
266939 0
266999 0
267059 0
267119 0
267179 0
267239 0
267299 0
267359 0
267419 0
267479 0
267539 0
267599 0
267659 0
267719 0
267779 0
267839 0
267899 0
267959 0
268019 0
268079 0
268139 0
268199 0
268259 0
268319 0
268379 0
268439 0
268499 0
268559 0
268619 0
268679 0
268739 0
268799 0
268859 0
268919 0
268979 0
269039 0
269099 0
269159 0
269219 0
269279 0
269339 0
269399 0
269459 0
269519 0
269579 0
269639 0
269699 0
269759 0
269819 0
269879 0
269939 0
269999 0
270059 0
270119 0
270179 0
270239 0
270299 0
270359 0
270419 0
270479 0
270539 0
270599 0
270659 0
270719 0
270779 0
270839 0
270899 0
270959 0
271019 0
271079 0
271139 0
271199 0
271259 0
271319 0
271379 0
271439 0
271499 0
271559 0
271619 0
271679 0
271739 0
271799 0
271859 0
271919 0
271979 0
272039 0
272099 0
272159 0
272219 0
272279 0
272339 0
272399 0
272459 0
272519 0
272579 0
272639 0
272699 0
272759 0
272819 0
272879 0
272939 0
272999 0
273059 0
273119 0
273179 0
273239 0
273299 0
273359 0
273419 0
273479 0
273539 0
273599 0
273659 0
273719 0
273779 0
273839 0
273899 0
273959 0
274019 0
274079 0
274139 0
274199 0
274259 0
274319 0
274379 0
274439 0
274499 0
274559 0
274619 0
274679 0
274739 0
274799 0
274859 0
274919 0
274979 0
275039 0
275099 0
275159 0
275219 0
275279 0
275339 0
275399 0
275459 0
275519 0
275579 0
275639 0
275699 0
275759 0
275819 0
275879 0
275939 0
275999 0
276059 0
276119 0
276179 0
276239 0
276299 0
276359 0
276419 0
276479 0
276539 0
276599 0
276659 0
276719 0
276779 0
276839 0
276899 0
276959 0
277019 0
277079 0
277139 0
277199 0
277259 0
277319 0
277379 0
277439 0
277499 0
277559 0
277619 0
277679 0
277739 0
277799 0
277859 0
277919 0
277979 0
278039 0
278099 0
278159 0
278219 0
278279 0
278339 0
278399 0
278459 0
278519 0
278579 0
278639 0
278699 0
278759 0
278819 0
278879 0
278939 0
278999 0
279059 0
279119 0
279179 0
279239 0
279299 0
279359 0
279419 0
279479 0
279539 0
279599 0
279659 0
279719 0
279779 0
279839 0
279899 0
279959 0
280019 0
280079 0
280139 0
280199 0
280259 0
280319 0
280379 0
280439 0
280499 0
280559 0
280619 0
280679 0
280739 0
280799 0
280859 0
280919 0
280979 0
281039 0
281099 0
281159 0
281219 0
281279 0
281339 0
281399 0
281459 0
281519 0
281579 0
281639 0
281699 0
281759 0
281819 0
281879 0
281939 0
281999 0
282059 0
282119 0
282179 0
282239 0
282299 0
282359 0
282419 0
282479 0
282539 0
282599 0
282659 0
282719 0
282779 0
282839 0
282899 0
282959 0
283019 0
283079 0
283139 0
283199 0
283259 0
283319 0
283379 0
283439 0
283499 0
283559 0
283619 0
283679 0
283739 0
283799 0
283859 0
283919 0
283979 0
284039 0
284099 0
284159 0
284219 0
284279 0
284339 0
284399 0
284459 0
284519 0
284579 0
284639 0
284699 0
284759 0
284819 0
284879 0
284939 0
284999 0
285059 0
285119 0
285179 0
285239 0
285299 0
285359 0
285419 0
285479 0
285539 0
285599 0
285659 0
285719 0
285779 0
285839 0
285899 0
285959 0
286019 0
286079 0
286139 0
286199 0
286259 0
286319 0
286379 0
286439 0
286499 0
286559 0
286619 0
286679 0
286739 0
286799 0
286859 0
286919 0
286979 0
287039 0
287099 0
287159 0
287219 0
287279 0
287339 0
287399 0
287459 0
287519 0
287579 0
287639 0
287699 0
287759 0
287819 0
287879 0
287939 0
287999 0
288059 0
288119 0
288179 0
288239 0
288299 0
288359 0
288419 0
288479 0
288539 0
288599 0
288659 0
288719 0
288779 0
288839 0
288899 0
288959 0
289019 0
289079 0
289139 0
289199 0
289259 0
289319 0
289379 0
289439 0
289499 0
289559 0
289619 0
289679 0
289739 0
289799 0
289859 0
289919 0
289979 0
290039 0
290099 0
290159 0
290219 0
290279 0
290339 0
290399 0
290459 0
290519 0
290579 0
290639 0
290699 0
290759 0
290819 0
290879 0
290939 0
290999 0
291059 0
291119 0
291179 0
291239 1
291299 1
291359 1
291419 1
291479 1
291539 1
291599 1
291659 1
291719 1
291779 1
291839 1
291899 1
291959 1
292019 1
292079 1
292139 1
292199 1
292259 1
292319 1
292379 1
292439 1
292499 1
292559 1
292619 1
292679 1
292739 1
292799 1
292859 1
292919 1
292979 1
293039 1
293099 1
293159 1
293219 1
293279 1
293339 1
293399 1
293459 1
293519 1
293579 1
293639 1
293699 1
293759 1
293819 1
293879 1
293939 1
293999 1
294059 1
294119 1
294179 1
294239 1
294299 1
294359 1
294419 1
294479 1
294539 1
294599 1
294659 1
294719 1
294779 1
294839 1
294899 1
294959 1
295019 1
295079 1
295139 1
295199 1
295259 1
295319 1
295379 1
295439 1
295499 1
295559 1
295619 1
295679 1
295739 1
295799 1
295859 1
295919 1
295979 1
296039 1
296099 1
296159 1
296219 1
296279 1
296339 1
296399 1
296459 1
296519 1
296579 1
296639 1
296699 1
296759 1
296819 1
296879 1
296939 1
296999 1
297059 1
297119 1
297179 1
297239 1
297299 1
297359 1
297419 1
297479 1
297539 1
297599 1
297659 1
297719 1
297779 1
297839 1
297899 1
297959 1
298019 1
298079 1
298139 1
298199 1
298259 1
298319 1
298379 1
298439 1
298499 1
298559 1
298619 1
298679 1
298739 1
298799 1
298859 1
298919 1
298979 1
299039 1
299099 1
299159 1
299219 1
299279 1
299339 1
299399 1
299459 1
299519 1
299579 1
299639 1
299699 1
299759 1
299819 1
299879 1
299939 1
299999 1
300059 1
300119 1
300179 1
300239 1
300299 1
300359 1
300419 1
300479 1
300539 1
300599 1
300659 1
300719 1
300779 1
300839 1
300899 1
300959 1
301019 1
301079 1
301139 1
301199 1
301259 1
301319 1
301379 1
301439 1
301499 1
301559 1
301619 1
301679 1
301739 1
301799 1
301859 1
301919 1
301979 1
302039 1
302099 1
302159 1
302219 1
302279 1
302339 1
302399 1
302459 1
302519 1
302579 1
302639 1
302699 1
302759 1
302819 1
302879 1
302939 1
302999 1
303059 1
303119 1
303179 1
303239 1
303299 1
303359 1
303419 1
303479 1
303539 1
303599 1
303659 1
303719 1
303779 1
303839 1
303899 1
303959 1
304019 1
304079 1
304139 1
304199 1
304259 1
304319 1
304379 1
304439 1
304499 1
304559 1
304619 1
304679 1
304739 1
304799 0
304859 0
304919 0
304979 0
305039 0
305099 0
305159 0
305219 0
305279 0
305339 0
305399 0
305459 0
305519 0
305579 0
305639 0
305699 0
305759 0
305819 0
305879 0
305939 0
305999 0
306059 0
306119 0
306179 0
306239 0
306299 0
306359 0
306419 0
306479 0
306539 0
306599 0
306659 0
306719 0
306779 0
306839 0
306899 0
306959 0
307019 0
307079 0
307139 0
307199 1
307259 1
307319 1
307379 1
307439 1
307499 1
307559 1
307619 1
307679 1
307739 1
307799 1
307859 1
307919 1
307979 1
308039 1
308099 1
308159 1
308219 1
308279 1
308339 1
308399 1
308459 1
308519 1
308579 1
308639 1
308699 1
308759 1
308819 1
308879 1
308939 1
308999 1
309059 1
309119 1
309179 1
309239 1
309299 1
309359 1
309419 1
309479 1
309539 1
309599 1
309659 1
309719 1
309779 1
309839 1
309899 1
309959 1
310019 1
310079 1
310139 1
310199 1
310259 1
310319 1
310379 1
310439 1
310499 1
310559 1
310619 1
310679 1
310739 1
310799 1
310859 1
310919 1
310979 1
311039 1
311099 1
311159 1
311219 1
311279 1
311339 1
311399 1
311459 1
311519 1
311579 1
311639 1
311699 1
311759 1
311819 1
311879 1
311939 1
311999 1
312059 1
312119 1
312179 1
312239 1
312299 1
312359 1
312419 1
312479 1
312539 1
312599 1
312659 1
312719 1
312779 1
312839 1
312899 1
312959 1
313019 1
313079 1
313139 1
313199 1
313259 1
313319 1
313379 1
313439 1
313499 1
313559 1
313619 1
313679 1
313739 1
313799 1
313859 1
313919 1
313979 1
314039 1
314099 1
314159 1
314219 1
314279 1
314339 1
314399 1
314459 1
314519 1
314579 1
314639 1
314699 1
314759 1
314819 1
314879 1
314939 1
314999 1
315059 1
315119 1
315179 1
315239 1
315299 1
315359 1
315419 1
315479 1
315539 1
315599 1
315659 1
315719 1
315779 1
315839 1
315899 1
315959 1
316019 1
316079 1
316139 1
316199 1
316259 1
316319 1
316379 1
316439 1
316499 1
316559 1
316619 1
316679 1
316739 1
316799 1
316859 1
316919 1
316979 1
317039 1
317099 1
317159 1
317219 1
317279 1
317339 1
317399 1
317459 1
317519 1
317579 1
317639 1
317699 1
317759 1
317819 1
317879 1
317939 1
317999 1
318059 1
318119 1
318179 1
318239 1
318299 1
318359 1
318419 1
318479 1
318539 1
318599 1
318659 1
318719 1
318779 1
318839 1
318899 1
318959 1
319019 1
319079 1
319139 1
319199 1
319259 1
319319 1
319379 1
319439 1
319499 1
319559 1
319619 1
319679 1
319739 1
319799 1
319859 1
319919 1
319979 1
320039 1
320099 1
320159 1
320219 1
320279 1
320339 1
320399 1
320459 1
320519 1
320579 1
320639 1
320699 1
320759 1
320819 1
320879 1
320939 1
320999 1
321059 1
321119 1
321179 1
321239 1
321299 1
321359 1
321419 1
321479 1
321539 1
321599 1
321659 1
321719 1
321779 1
321839 1
321899 1
321959 1
322019 1
322079 1
322139 1
322199 1
322259 1
322319 1
322379 1
322439 1
322499 1
322559 1
322619 1
322679 1
322739 1
322799 1
322859 1
322919 1
322979 1
323039 1
323099 1
323159 1
323219 1
323279 1
323339 1
323399 1
323459 1
323519 0
323579 0
323639 0
323699 0
323759 0
323819 0
323879 0
323939 0
323999 0
324059 0
324119 0
324179 0
324239 0
324299 0
324359 0
324419 0
324479 0
324539 0
324599 0
324659 0
324719 0
324779 0
324839 0
324899 0
324959 0
325019 0
325079 0
325139 0
325199 0
325259 0
325319 0
325379 0
325439 0
325499 0
325559 0
325619 0
325679 0
325739 0
325799 0
325859 0
325919 0
325979 0
326039 0
326099 0
326159 0
326219 0
326279 0
326339 0
326399 0
326459 0
326519 0
326579 0
326639 0
326699 0
326759 0
326819 0
326879 0
326939 0
326999 0
327059 0
327119 0
327179 0
327239 0
327299 0
327359 0
327419 0
327479 0
327539 0
327599 0
327659 0
327719 0
327779 0
327839 0
327899 0
327959 0
328019 0
328079 0
328139 0
328199 0
328259 0
328319 0
328379 0
328439 0
328499 0
328559 0
328619 0
328679 0
328739 0
328799 0
328859 0
328919 0
328979 0
329039 0
329099 0
329159 0
329219 0
329279 0
329339 0
329399 0
329459 0
329519 0
329579 0
329639 0
329699 0
329759 0
329819 0
329879 0
329939 0
329999 0
330059 0
330119 0
330179 0
330239 0
330299 0
330359 0
330419 0
330479 0
330539 0
330599 0
330659 0
330719 0
330779 0
330839 0
330899 0
330959 0
331019 0
331079 0
331139 0
331199 0
331259 0
331319 0
331379 0
331439 0
331499 0
331559 0
331619 0
331679 0
331739 0
331799 0
331859 0
331919 0
331979 0
332039 0
332099 0
332159 0
332219 0
332279 0
332339 0
332399 0
332459 0
332519 0
332579 0
332639 0
332699 0
332759 0
332819 0
332879 0
332939 0
332999 0
333059 0
333119 0
333179 0
333239 0
333299 0
333359 0
333419 0
333479 0
333539 0
333599 0
333659 0
333719 0
333779 0
333839 0
333899 0
333959 0
334019 0
334079 0
334139 0
334199 0
334259 0
334319 0
334379 0
334439 0
334499 0
334559 0
334619 0
334679 0
334739 0
334799 0
334859 0
334919 0
334979 0
335039 0
335099 0
335159 0
335219 0
335279 0
335339 0
335399 0
335459 0
335519 0
335579 0
335639 0
335699 0
335759 0
335819 0
335879 0
335939 0
335999 0
336059 0
336119 0
336179 0
336239 0
336299 0
336359 0
336419 0
336479 0
336539 0
336599 0
336659 0
336719 0
336779 0
336839 0
336899 0
336959 0
337019 0
337079 0
337139 0
337199 0
337259 0
337319 0
337379 0
337439 0
337499 0
337559 0
337619 0
337679 0
337739 0
337799 0
337859 0
337919 0
337979 0
338039 0
338099 0
338159 0
338219 0
338279 0
338339 0
338399 0
338459 0
338519 0
338579 0
338639 0
338699 0
338759 0
338819 0
338879 0
338939 0
338999 0
339059 0
339119 0
339179 0
339239 0
339299 0
339359 0
339419 0
339479 0
339539 0
339599 0
339659 0
339719 0
339779 0
339839 0
339899 0
339959 0
340019 0
340079 0
340139 0
340199 0
340259 0
340319 0
340379 0
340439 0
340499 0
340559 0
340619 0
340679 0
340739 0
340799 0
340859 0
340919 0
340979 0
341039 0
341099 0
341159 0
341219 0
341279 0
341339 0
341399 0
341459 0
341519 0
341579 0
341639 0
341699 0
341759 0
341819 0
341879 0
341939 0
341999 0
342059 0
342119 0
342179 0
342239 0
342299 0
342359 0
342419 0
342479 0
342539 0
342599 0
342659 0
342719 0
342779 0
342839 0
342899 0
342959 0
343019 0
343079 0
343139 0
343199 0
343259 0
343319 0
343379 0
343439 0
343499 0
343559 0
343619 0
343679 0
343739 0
343799 0
343859 0
343919 0
343979 0
344039 0
344099 0
344159 0
344219 0
344279 0
344339 0
344399 0
344459 0
344519 0
344579 0
344639 0
344699 0
344759 0
344819 0
344879 0
344939 0
344999 0
345059 0
345119 0
345179 0
345239 0
345299 0
345359 0
345419 0
345479 0
345539 0
345599 0
345659 0
345719 0
345779 0
345839 0
345899 0
345959 0
346019 0
346079 0
346139 0
346199 0
346259 0
346319 0
346379 0
346439 0
346499 0
346559 0
346619 0
346679 0
346739 0
346799 0
346859 0
346919 0
346979 0
347039 0
347099 0
347159 0
347219 0
347279 0
347339 0
347399 0
347459 0
347519 0
347579 0
347639 0
347699 0
347759 0
347819 0
347879 0
347939 0
347999 0
348059 0
348119 0
348179 0
348239 0
348299 0
348359 0
348419 0
348479 0
348539 0
348599 0
348659 0
348719 0
348779 0
348839 0
348899 0
348959 0
349019 0
349079 0
349139 0
349199 0
349259 0
349319 0
349379 0
349439 0
349499 0
349559 0
349619 0
349679 0
349739 0
349799 0
349859 0
349919 0
349979 0
350039 0
350099 0
350159 0
350219 0
350279 0
350339 0
350399 0
350459 0
350519 0
350579 0
350639 0
350699 0
350759 0
350819 0
350879 0
350939 0
350999 0
351059 0
351119 0
351179 0
351239 0
351299 0
351359 0
351419 0
351479 0
351539 0
351599 0
351659 0
351719 0
351779 0
351839 0
351899 0
351959 0
352019 0
352079 0
352139 0
352199 0
352259 0
352319 0
352379 0
352439 0
352499 0
352559 0
352619 0
352679 0
352739 0
352799 0
352859 0
352919 0
352979 0
353039 0
353099 0
353159 0
353219 0
353279 0
353339 0
353399 0
353459 0
353519 0
353579 0
353639 0
353699 0
353759 0
353819 0
353879 0
353939 0
353999 0
354059 0
354119 0
354179 0
354239 0
354299 0
354359 0
354419 0
354479 0
354539 0
354599 0
354659 0
354719 0
354779 0
354839 0
354899 0
354959 0
355019 0
355079 0
355139 0
355199 0
355259 0
355319 0
355379 0
355439 0
355499 0
355559 0
355619 0
355679 0
355739 0
355799 0
355859 0
355919 0
355979 0
356039 0
356099 0
356159 0
356219 0
356279 0
356339 0
356399 0
356459 0
356519 0
356579 0
356639 0
356699 0
356759 0
356819 0
356879 0
356939 0
356999 0
357059 0
357119 0
357179 0
357239 0
357299 0
357359 0
357419 0
357479 0
357539 0
357599 0
357659 0
357719 0
357779 0
357839 0
357899 0
357959 0
358019 0
358079 0
358139 0
358199 0
358259 0
358319 0
358379 0
358439 0
358499 0
358559 0
358619 0
358679 0
358739 0
358799 0
358859 0
358919 0
358979 0
359039 0
359099 0
359159 0
359219 0
359279 0
359339 0
359399 0
359459 0
359519 0
359579 0
359639 0
359699 0
359759 0
359819 0
359879 0
359939 0
359999 0
360059 0
360119 0
360179 0
360239 0
360299 0
360359 0
360419 0
360479 0
360539 0
360599 0
360659 0
360719 0
360779 0
360839 0
360899 0
360959 0
361019 0
361079 0
361139 0
361199 0
361259 0
361319 0
361379 0
361439 0
361499 0
361559 0
361619 0
361679 0
361739 0
361799 0
361859 0
361919 0
361979 0
362039 0
362099 0
362159 0
362219 0
362279 0
362339 0
362399 0
362459 0
362519 0
362579 0
362639 0
362699 0
362759 0
362819 0
362879 0
362939 0
362999 0
363059 0
363119 0
363179 0
363239 0
363299 0
363359 0
363419 0
363479 0
363539 0
363599 0
363659 0
363719 0
363779 0
363839 0
363899 0
363959 0
364019 0
364079 0
364139 0
364199 0
364259 0
364319 0
364379 0
364439 0
364499 0
364559 0
364619 0
364679 0
364739 0
364799 0
364859 0
364919 0
364979 0
365039 0
365099 0
365159 0
365219 0
365279 0
365339 0
365399 0
365459 0
365519 0
365579 0
365639 0
365699 0
365759 0
365819 0
365879 0
365939 0
365999 0
366059 0
366119 0
366179 0
366239 0
366299 0
366359 0
366419 0
366479 0
366539 0
366599 0
366659 0
366719 0
366779 0
366839 0
366899 0
366959 0
367019 0
367079 0
367139 0
367199 0
367259 0
367319 0
367379 0
367439 0
367499 0
367559 0
367619 0
367679 0
367739 0
367799 0
367859 0
367919 0
367979 0
368039 0
368099 0
368159 0
368219 0
368279 0
368339 0
368399 0
368459 0
368519 0
368579 0
368639 0
368699 0
368759 0
368819 0
368879 0
368939 0
368999 0
369059 0
369119 0
369179 0
369239 0
369299 0
369359 0
369419 0
369479 0
369539 0
369599 0
369659 0
369719 0
369779 0
369839 0
369899 0
369959 0
370019 0
370079 0
370139 0
370199 0
370259 0
370319 0
370379 0
370439 0
370499 0
370559 0
370619 0
370679 0
370739 0
370799 0
370859 0
370919 0
370979 0
371039 0
371099 0
371159 0
371219 0
371279 0
371339 0
371399 0
371459 0
371519 0
371579 0
371639 0
371699 0
371759 0
371819 0
371879 0
371939 0
371999 0
372059 0
372119 0
372179 0
372239 0
372299 0
372359 0
372419 0
372479 0
372539 0
372599 0
372659 0
372719 0
372779 0
372839 0
372899 0
372959 0
373019 0
373079 0
373139 0
373199 0
373259 0
373319 0
373379 0
373439 0
373499 0
373559 0
373619 0
373679 0
373739 0
373799 0
373859 0
373919 0
373979 0
374039 0
374099 0
374159 0
374219 0
374279 0
374339 0
374399 0
374459 0
374519 0
374579 0
374639 0
374699 0
374759 0
374819 0
374879 0
374939 0
374999 0
375059 0
375119 0
375179 0
375239 0
375299 0
375359 0
375419 0
375479 0
375539 0
375599 0
375659 0
375719 0
375779 0
375839 0
375899 0
375959 0
376019 0
376079 0
376139 0
376199 0
376259 0
376319 0
376379 0
376439 0
376499 0
376559 0
376619 0
376679 0
376739 0
376799 0
376859 0
376919 0
376979 0
377039 0
377099 0
377159 0
377219 0
377279 0
377339 0
377399 0
377459 0
377519 0
377579 0
377639 0
377699 0
377759 0
377819 0
377879 0
377939 0
377999 0
378059 0
378119 0
378179 0
378239 0
378299 0
378359 0
378419 0
378479 0
378539 0
378599 0
378659 0
378719 0
378779 0
378839 0
378899 0
378959 0
379019 0
379079 0
379139 0
379199 0
379259 0
379319 0
379379 0
379439 1
379499 1
379559 1
379619 1
379679 1
379739 1
379799 1
379859 1
379919 1
379979 1
380039 1
380099 1
380159 1
380219 1
380279 1
380339 1
380399 1
380459 1
380519 1
380579 1
380639 1
380699 1
380759 1
380819 1
380879 1
380939 1
380999 1
381059 1
381119 0
381179 0
381239 0
381299 0
381359 0
381419 0
381479 0
381539 0
381599 0
381659 0
381719 0
381779 0
381839 0
381899 0
381959 0
382019 0
382079 0
382139 0
382199 0
382259 0
382319 0
382379 1
382439 1
382499 1
382559 1
382619 1
382679 1
382739 1
382799 1
382859 1
382919 1
382979 1
383039 1
383099 1
383159 1
383219 1
383279 1
383339 1
383399 1
383459 1
383519 1
383579 1
383639 1
383699 1
383759 1
383819 1
383879 1
383939 1
383999 1
384059 1
384119 1
384179 1
384239 1
384299 1
384359 1
384419 1
384479 1
384539 1
384599 1
384659 1
384719 1
384779 1
384839 1
384899 1
384959 1
385019 1
385079 1
385139 1
385199 1
385259 1
385319 1
385379 1
385439 1
385499 1
385559 1
385619 1
385679 1
385739 1
385799 1
385859 1
385919 1
385979 1
386039 1
386099 1
386159 1
386219 1
386279 1
386339 1
386399 1
386459 1
386519 1
386579 1
386639 1
386699 1
386759 1
386819 1
386879 1
386939 1
386999 1
387059 1
387119 1
387179 1
387239 1
387299 1
387359 1
387419 1
387479 1
387539 1
387599 1
387659 1
387719 1
387779 1
387839 1
387899 1
387959 1
388019 1
388079 1
388139 1
388199 1
388259 1
388319 1
388379 1
388439 1
388499 1
388559 1
388619 1
388679 1
388739 1
388799 1
388859 1
388919 1
388979 1
389039 1
389099 1
389159 1
389219 1
389279 1
389339 1
389399 1
389459 1
389519 1
389579 1
389639 1
389699 1
389759 1
389819 1
389879 1
389939 1
389999 1
390059 1
390119 1
390179 1
390239 1
390299 1
390359 1
390419 1
390479 1
390539 1
390599 1
390659 1
390719 1
390779 1
390839 1
390899 1
390959 0
391019 0
391079 0
391139 0
391199 0
391259 0
391319 0
391379 0
391439 0
391499 0
391559 0
391619 0
391679 0
391739 0
391799 0
391859 0
391919 0
391979 0
392039 0
392099 0
392159 0
392219 0
392279 0
392339 0
392399 0
392459 0
392519 0
392579 0
392639 0
392699 0
392759 1
392819 1
392879 1
392939 1
392999 1
393059 1
393119 1
393179 1
393239 1
393299 1
393359 1
393419 1
393479 1
393539 1
393599 1
393659 1
393719 1
393779 1
393839 1
393899 1
393959 1
394019 1
394079 1
394139 1
394199 1
394259 1
394319 1
394379 1
394439 1
394499 1
394559 1
394619 1
394679 1
394739 1
394799 1
394859 1
394919 1
394979 1
395039 1
395099 1
395159 1
395219 1
395279 1
395339 1
395399 1
395459 1
395519 1
395579 1
395639 1
395699 1
395759 1
395819 1
395879 1
395939 1
395999 1
396059 1
396119 1
396179 1
396239 1
396299 1
396359 1
396419 1
396479 1
396539 1
396599 1
396659 1
396719 1
396779 1
396839 1
396899 1
396959 1
397019 1
397079 1
397139 1
397199 1
397259 1
397319 1
397379 1
397439 1
397499 1
397559 1
397619 1
397679 1
397739 1
397799 1
397859 1
397919 1
397979 1
398039 1
398099 1
398159 1
398219 1
398279 1
398339 1
398399 1
398459 1
398519 1
398579 1
398639 1
398699 1
398759 1
398819 1
398879 1
398939 1
398999 1
399059 1
399119 1
399179 1
399239 1
399299 1
399359 1
399419 1
399479 1
399539 1
399599 1
399659 1
399719 1
399779 1
399839 1
399899 1
399959 1
400019 1
400079 1
400139 1
400199 1
400259 1
400319 1
400379 1
400439 1
400499 1
400559 1
400619 1
400679 1
400739 1
400799 1
400859 1
400919 1
400979 1
401039 1
401099 1
401159 1
401219 1
401279 1
401339 1
401399 1
401459 1
401519 1
401579 1
401639 1
401699 1
401759 1
401819 1
401879 1
401939 1
401999 1
402059 1
402119 1
402179 1
402239 1
402299 1
402359 1
402419 1
402479 1
402539 1
402599 1
402659 1
402719 1
402779 1
402839 1
402899 1
402959 1
403019 1
403079 1
403139 1
403199 1
403259 1
403319 1
403379 1
403439 1
403499 1
403559 1
403619 1
403679 1
403739 1
403799 1
403859 1
403919 0
403979 0
404039 0
404099 0
404159 1
404219 1
404279 1
404339 1
404399 1
404459 1
404519 1
404579 1
404639 1
404699 1
404759 1
404819 1
404879 1
404939 1
404999 1
405059 1
405119 1
405179 1
405239 1
405299 1
405359 1
405419 1
405479 1
405539 1
405599 1
405659 1
405719 1
405779 1
405839 1
405899 1
405959 1
406019 1
406079 1
406139 1
406199 1
406259 1
406319 1
406379 1
406439 0
406499 0
406559 0
406619 0
406679 0
406739 0
406799 0
406859 0
406919 0
406979 0
407039 0
407099 0
407159 0
407219 0
407279 0
407339 0
407399 0
407459 0
407519 0
407579 0
407639 0
407699 0
407759 0
407819 0
407879 0
407939 0
407999 1
408059 1
408119 1
408179 1
408239 1
408299 1
408359 1
408419 1
408479 1
408539 1
408599 1
408659 1
408719 1
408779 1
408839 0
408899 0
408959 0
409019 0
409079 0
409139 0
409199 0
409259 0
409319 1
409379 1
409439 1
409499 1
409559 1
409619 1
409679 1
409739 1
409799 1
409859 1
409919 1
409979 1
410039 1
410099 1
410159 1
410219 1
410279 1
410339 1
410399 1
410459 1
410519 1
410579 1
410639 1
410699 1
410759 1
410819 1
410879 1
410939 1
410999 1
411059 1
411119 1
411179 1
411239 1
411299 1
411359 1
411419 1
411479 1
411539 1
411599 1
411659 1
411719 1
411779 1
411839 1
411899 1
411959 1
412019 1
412079 1
412139 1
412199 1
412259 1
412319 1
412379 1
412439 1
412499 1
412559 1
412619 1
412679 1
412739 1
412799 1
412859 1
412919 1
412979 1
413039 1
413099 1
413159 1
413219 1
413279 1
413339 1
413399 1
413459 1
413519 1
413579 1
413639 1
413699 1
413759 1
413819 1
413879 1
413939 1
413999 1
414059 1
414119 1
414179 1
414239 1
414299 1
414359 1
414419 1
414479 1
414539 1
414599 1
414659 1
414719 1
414779 1
414839 1
414899 1
414959 1
415019 1
415079 1
415139 1
415199 1
415259 1
415319 1
415379 1
415439 1
415499 1
415559 1
415619 1
415679 1
415739 1
415799 1
415859 1
415919 1
415979 1
416039 1
416099 1
416159 1
416219 1
416279 1
416339 1
416399 1
416459 1
416519 1
416579 1
416639 1
416699 1
416759 1
416819 1
416879 1
416939 1
416999 1
417059 1
417119 1
417179 1
417239 1
417299 1
417359 1
417419 1
417479 1
417539 1
417599 1
417659 1
417719 1
417779 1
417839 1
417899 1
417959 1
418019 1
418079 1
418139 1
418199 1
418259 0
418319 0
418379 0
418439 0
418499 0
418559 0
418619 0
418679 0
418739 1
418799 1
418859 1
418919 1
418979 1
419039 1
419099 1
419159 1
419219 1
419279 1
419339 1
419399 1
419459 1
419519 1
419579 1
419639 1
419699 1
419759 1
419819 1
419879 1
419939 1
419999 1
420059 1
420119 1
420179 1
420239 1
420299 1
420359 1
420419 1
420479 1
420539 1
420599 1
420659 1
420719 1
420779 1
420839 1
420899 1
420959 1
421019 1
421079 1
421139 1
421199 1
421259 1
421319 1
421379 1
421439 1
421499 1
421559 1
421619 1
421679 1
421739 1
421799 1
421859 1
421919 1
421979 0
422039 0
422099 0
422159 0
422219 0
422279 0
422339 0
422399 0
422459 0
422519 1
422579 1
422639 1
422699 1
422759 1
422819 1
422879 1
422939 1
422999 1
423059 1
423119 1
423179 1
423239 1
423299 1
423359 1
423419 1
423479 1
423539 1
423599 1
423659 1
423719 1
423779 1
423839 1
423899 1
423959 1
424019 1
424079 1
424139 0
424199 0
424259 0
424319 0
424379 0
424439 0
424499 0
424559 0
424619 0
424679 0
424739 0
424799 0
424859 0
424919 0
424979 0
425039 0
425099 0
425159 0
425219 0
425279 0
425339 0
425399 0
425459 0
425519 0
425579 0
425639 0
425699 0
425759 0
425819 0
425879 0
425939 0
425999 0
426059 0
426119 0
426179 0
426239 0
426299 0
426359 0
426419 0
426479 0
426539 0
426599 0
426659 0
426719 0
426779 0
426839 0
426899 0
426959 0
427019 0
427079 0
427139 0
427199 0
427259 0
427319 0
427379 0
427439 0
427499 0
427559 0
427619 0
427679 0
427739 0
427799 0
427859 0
427919 0
427979 0
428039 0
428099 0
428159 0
428219 0
428279 0
428339 0
428399 0
428459 0
428519 0
428579 0
428639 0
428699 0
428759 0
428819 0
428879 0
428939 0
428999 0
429059 0
429119 0
429179 0
429239 0
429299 0
429359 0
429419 0
429479 0
429539 0
429599 0
429659 0
429719 0
429779 0
429839 0
429899 0
429959 0
430019 0
430079 0
430139 0
430199 0
430259 0
430319 0
430379 0
430439 0
430499 0
430559 0
430619 0
430679 0
430739 0
430799 0
430859 0
430919 0
430979 0
431039 0
431099 0
431159 0
431219 0
431279 0
431339 0
431399 0
431459 0
431519 0
431579 0
431639 0
431699 0
431759 0
431819 0
431879 0
431939 0
431999 0
432059 0
432119 0
432179 0
432239 0
432299 0
432359 0
432419 0
432479 0
432539 0
432599 0
432659 0
432719 0
432779 0
432839 0
432899 0
432959 0
433019 0
433079 0
433139 0
433199 0
433259 0
433319 0
433379 0
433439 0
433499 0
433559 0
433619 0
433679 0
433739 0
433799 0
433859 0
433919 0
433979 0
434039 0
434099 0
434159 0
434219 0
434279 0
434339 0
434399 0
434459 0
434519 0
434579 0
434639 0
434699 0
434759 0
434819 0
434879 0
434939 0
434999 0
435059 0
435119 0
435179 0
435239 0
435299 0
435359 0
435419 0
435479 0
435539 0
435599 0
435659 0
435719 0
435779 0
435839 0
435899 0
435959 0
436019 0
436079 0
436139 0
436199 0
436259 0
436319 0
436379 0
436439 0
436499 0
436559 0
436619 0
436679 0
436739 0
436799 0
436859 0
436919 0
436979 0
437039 0
437099 0
437159 0
437219 0
437279 0
437339 0
437399 0
437459 0
437519 0
437579 0
437639 0
437699 0
437759 0
437819 0
437879 0
437939 0
437999 0
438059 0
438119 0
438179 0
438239 0
438299 0
438359 0
438419 0
438479 0
438539 0
438599 0
438659 0
438719 0
438779 0
438839 0
438899 0
438959 0
439019 0
439079 0
439139 0
439199 0
439259 0
439319 0
439379 0
439439 0
439499 0
439559 0
439619 0
439679 0
439739 0
439799 0
439859 0
439919 0
439979 0
440039 0
440099 0
440159 0
440219 0
440279 0
440339 0
440399 0
440459 0
440519 0
440579 0
440639 0
440699 0
440759 0
440819 0
440879 0
440939 0
440999 0
441059 0
441119 0
441179 0
441239 0
441299 0
441359 0
441419 0
441479 0
441539 0
441599 0
441659 0
441719 0
441779 0
441839 0
441899 0
441959 0
442019 0
442079 0
442139 0
442199 0
442259 0
442319 0
442379 0
442439 0
442499 0
442559 0
442619 0
442679 0
442739 0
442799 0
442859 0
442919 0
442979 0
443039 0
443099 0
443159 0
443219 0
443279 0
443339 0
443399 0
443459 0
443519 0
443579 0
443639 0
443699 0
443759 0
443819 0
443879 0
443939 0
443999 0
444059 0
444119 0
444179 0
444239 0
444299 0
444359 0
444419 0
444479 0
444539 0
444599 0
444659 0
444719 0
444779 0
444839 0
444899 0
444959 0
445019 0
445079 0
445139 0
445199 0
445259 0
445319 0
445379 0
445439 0
445499 0
445559 0
445619 0
445679 0
445739 0
445799 0
445859 0
445919 0
445979 0
446039 0
446099 0
446159 0
446219 0
446279 0
446339 0
446399 0
446459 0
446519 0
446579 0
446639 0
446699 0
446759 0
446819 0
446879 0
446939 0
446999 0
447059 0
447119 0
447179 0
447239 0
447299 0
447359 0
447419 0
447479 0
447539 0
447599 0
447659 0
447719 0
447779 0
447839 0
447899 0
447959 0
448019 0
448079 0
448139 0
448199 0
448259 0
448319 0
448379 0
448439 0
448499 0
448559 0
448619 0
448679 0
448739 0
448799 0
448859 0
448919 0
448979 0
449039 0
449099 0
449159 0
449219 0
449279 0
449339 0
449399 0
449459 0
449519 0
449579 0
449639 0
449699 0
449759 0
449819 0
449879 0
449939 0
449999 0
450059 0
450119 0
450179 0
450239 0
450299 0
450359 0
450419 0
450479 0
450539 0
450599 0
450659 0
450719 0
450779 0
450839 0
450899 0
450959 0
451019 0
451079 0
451139 0
451199 0
451259 0
451319 0
451379 0
451439 0
451499 0
451559 0
451619 0
451679 0
451739 0
451799 0
451859 0
451919 0
451979 0
452039 0
452099 0
452159 0
452219 0
452279 0
452339 0
452399 0
452459 0
452519 0
452579 0
452639 0
452699 0
452759 0
452819 0
452879 0
452939 0
452999 0
453059 0
453119 0
453179 0
453239 0
453299 0
453359 0
453419 0
453479 0
453539 0
453599 0
453659 0
453719 0
453779 0
453839 0
453899 0
453959 0
454019 0
454079 0
454139 0
454199 0
454259 0
454319 0
454379 0
454439 0
454499 0
454559 0
454619 0
454679 0
454739 0
454799 0
454859 0
454919 0
454979 0
455039 0
455099 0
455159 0
455219 0
455279 0
455339 0
455399 0
455459 0
455519 0
455579 0
455639 0
455699 0
455759 0
455819 0
455879 0
455939 0
455999 0
456059 0
456119 0
456179 0
456239 0
456299 0
456359 0
456419 0
456479 0
456539 0
456599 0
456659 0
456719 0
456779 0
456839 0
456899 0
456959 0
457019 0
457079 0
457139 0
457199 0
457259 0
457319 0
457379 0
457439 0
457499 0
457559 0
457619 0
457679 0
457739 0
457799 0
457859 0
457919 0
457979 0
458039 0
458099 0
458159 0
458219 0
458279 0
458339 0
458399 0
458459 0
458519 0
458579 0
458639 0
458699 0
458759 0
458819 0
458879 0
458939 0
458999 0
459059 0
459119 0
459179 0
459239 0
459299 0
459359 0
459419 0
459479 0
459539 0
459599 0
459659 0
459719 0
459779 0
459839 0
459899 0
459959 0
460019 0
460079 0
460139 0
460199 0
460259 0
460319 0
460379 0
460439 0
460499 0
460559 0
460619 0
460679 0
460739 0
460799 0
460859 0
460919 0
460979 0
461039 0
461099 0
461159 0
461219 0
461279 0
461339 0
461399 0
461459 0
461519 0
461579 0
461639 0
461699 0
461759 0
461819 0
461879 0
461939 0
461999 0
462059 0
462119 0
462179 0
462239 0
462299 0
462359 0
462419 0
462479 0
462539 0
462599 0
462659 0
462719 0
462779 0
462839 0
462899 0
462959 0
463019 0
463079 0
463139 0
463199 0
463259 0
463319 0
463379 0
463439 0
463499 0
463559 0
463619 0
463679 0
463739 0
463799 0
463859 0
463919 0
463979 0
464039 0
464099 0
464159 0
464219 0
464279 0
464339 0
464399 0
464459 0
464519 0
464579 0
464639 0
464699 0
464759 0
464819 0
464879 0
464939 0
464999 0
465059 0
465119 0
465179 0
465239 0
465299 0
465359 0
465419 0
465479 0
465539 0
465599 0
465659 0
465719 0
465779 0
465839 0
465899 0
465959 0
466019 0
466079 0
466139 0
466199 0
466259 0
466319 0
466379 0
466439 0
466499 0
466559 0
466619 0
466679 0
466739 0
466799 0
466859 0
466919 0
466979 0
467039 0
467099 0
467159 0
467219 0
467279 0
467339 0
467399 0
467459 0
467519 0
467579 0
467639 0
467699 0
467759 0
467819 0
467879 0
467939 0
467999 0
468059 0
468119 0
468179 0
468239 0
468299 0
468359 0
468419 0
468479 0
468539 0
468599 0
468659 0
468719 0
468779 0
468839 0
468899 0
468959 0
469019 0
469079 0
469139 0
469199 0
469259 0
469319 0
469379 0
469439 0
469499 0
469559 0
469619 0
469679 0
469739 0
469799 0
469859 0
469919 0
469979 0
470039 0
470099 0
470159 0
470219 0
470279 0
470339 0
470399 0
470459 0
470519 0
470579 0
470639 0
470699 0
470759 0
470819 0
470879 0
470939 0
470999 0
471059 0
471119 0
471179 0
471239 0
471299 0
471359 0
471419 0
471479 0
471539 0
471599 0
471659 0
471719 0
471779 0
471839 0
471899 0
471959 0
472019 0
472079 0
472139 0
472199 0
472259 0
472319 0
472379 0
472439 0
472499 0
472559 0
472619 0
472679 0
472739 0
472799 0
472859 0
472919 0
472979 0
473039 0
473099 0
473159 0
473219 0
473279 0
473339 0
473399 0
473459 0
473519 0
473579 0
473639 0
473699 0
473759 0
473819 0
473879 0
473939 0
473999 0
474059 0
474119 0
474179 0
474239 0
474299 0
474359 0
474419 0
474479 0
474539 0
474599 0
474659 0
474719 0
474779 0
474839 0
474899 0
474959 0
475019 0
475079 0
475139 0
475199 0
475259 0
475319 0
475379 0
475439 0
475499 0
475559 0
475619 0
475679 0
475739 0
475799 0
475859 0
475919 0
475979 0
476039 0
476099 0
476159 0
476219 0
476279 0
476339 0
476399 0
476459 0
476519 0
476579 0
476639 0
476699 0
476759 0
476819 0
476879 0
476939 0
476999 0
477059 0
477119 0
477179 0
477239 0
477299 0
477359 0
477419 0
477479 0
477539 0
477599 0
477659 0
477719 0
477779 0
477839 0
477899 0
477959 0
478019 0
478079 0
478139 0
478199 0
478259 0
478319 0
478379 0
478439 0
478499 0
478559 0
478619 0
478679 0
478739 0
478799 0
478859 0
478919 0
478979 0
479039 0
479099 0
479159 0
479219 0
479279 0
479339 0
479399 0
479459 0
479519 0
479579 0
479639 0
479699 0
479759 0
479819 0
479879 0
479939 0
479999 0
480059 0
480119 0
480179 0
480239 0
480299 0
480359 0
480419 0
480479 0
480539 0
480599 0
480659 0
480719 0
480779 0
480839 0
480899 0
480959 0
481019 0
481079 0
481139 0
481199 0
481259 0
481319 0
481379 0
481439 0
481499 0
481559 0
481619 0
481679 0
481739 0
481799 0
481859 0
481919 0
481979 0
482039 0
482099 0
482159 0
482219 0
482279 0
482339 0
482399 0
482459 0
482519 0
482579 0
482639 0
482699 0
482759 0
482819 0
482879 0
482939 0
482999 0
483059 0
483119 0
483179 0
483239 0
483299 0
483359 0
483419 0
483479 0
483539 0
483599 0
483659 0
483719 0
483779 0
483839 0
483899 0
483959 0
484019 0
484079 0
484139 0
484199 0
484259 0
484319 0
484379 0
484439 0
484499 0
484559 0
484619 0
484679 0
484739 0
484799 0
484859 0
484919 0
484979 0
485039 0
485099 0
485159 0
485219 0
485279 0
485339 0
485399 0
485459 0
485519 0
485579 0
485639 0
485699 0
485759 0
485819 0
485879 0
485939 0
485999 0
486059 0
486119 0
486179 0
486239 0
486299 0
486359 0
486419 0
486479 0
486539 0
486599 0
486659 0
486719 0
486779 0
486839 0
486899 0
486959 0
487019 0
487079 0
487139 0
487199 0
487259 0
487319 0
487379 0
487439 0
487499 0
487559 0
487619 0
487679 0
487739 0
487799 0
487859 0
487919 0
487979 0
488039 0
488099 0
488159 0
488219 0
488279 0
488339 0
488399 0
488459 0
488519 0
488579 0
488639 0
488699 0
488759 0
488819 0
488879 0
488939 0
488999 0
489059 0
489119 0
489179 0
489239 0
489299 0
489359 0
489419 0
489479 0
489539 0
489599 0
489659 0
489719 0
489779 0
489839 0
489899 0
489959 0
490019 0
490079 0
490139 0
490199 0
490259 0
490319 0
490379 0
490439 0
490499 0
490559 0
490619 0
490679 0
490739 0
490799 0
490859 0
490919 0
490979 0
491039 0
491099 0
491159 0
491219 0
491279 0
491339 0
491399 0
491459 0
491519 0
491579 0
491639 0
491699 0
491759 0
491819 0
491879 0
491939 0
491999 0
492059 0
492119 0
492179 0
492239 0
492299 0
492359 0
492419 0
492479 0
492539 0
492599 0
492659 0
492719 0
492779 0
492839 0
492899 0
492959 0
493019 0
493079 0
493139 0
493199 0
493259 0
493319 0
493379 0
493439 0
493499 0
493559 0
493619 0
493679 0
493739 0
493799 0
493859 0
493919 0
493979 0
494039 0
494099 0
494159 0
494219 0
494279 0
494339 0
494399 0
494459 0
494519 0
494579 0
494639 0
494699 0
494759 0
494819 0
494879 0
494939 0
494999 0
495059 0
495119 0
495179 0
495239 0
495299 0
495359 0
495419 0
495479 0
495539 0
495599 0
495659 0
495719 0
495779 0
495839 0
495899 0
495959 0
496019 0
496079 0
496139 0
496199 0
496259 0
496319 0
496379 0
496439 0
496499 0
496559 0
496619 0
496679 0
496739 0
496799 0
496859 0
496919 0
496979 0
497039 0
497099 0
497159 0
497219 0
497279 0
497339 0
497399 0
497459 0
497519 0
497579 0
497639 0
497699 0
497759 0
497819 0
497879 0
497939 0
497999 0
498059 0
498119 0
498179 0
498239 0
498299 0
498359 0
498419 0
498479 0
498539 0
498599 0
498659 0
498719 0
498779 0
498839 0
498899 0
498959 0
499019 0
499079 0
499139 0
499199 0
499259 0
499319 0
499379 0
499439 0
499499 0
499559 0
499619 0
499679 0
499739 0
499799 0
499859 0
499919 0
499979 0
500039 0
500099 0
500159 0
500219 0
500279 0
500339 0
500399 0
500459 0
500519 0
500579 0
500639 0
500699 0
500759 0
500819 0
500879 0
500939 0
500999 0
501059 0
501119 0
501179 0
501239 0
501299 0
501359 0
501419 0
501479 0
501539 0
501599 0
501659 0
501719 0
501779 0
501839 0
501899 0
501959 0
502019 0
502079 0
502139 0
502199 0
502259 0
502319 0
502379 0
502439 0
502499 0
502559 0
502619 0
502679 0
502739 0
502799 0
502859 0
502919 0
502979 0
503039 0
503099 0
503159 0
503219 0
503279 0
503339 0
503399 0
503459 0
503519 0
503579 0
503639 0
503699 0
503759 0
503819 0
503879 0
503939 0
503999 0
504059 0
504119 0
504179 0
504239 0
504299 0
504359 0
504419 0
504479 0
504539 0
504599 0
504659 0
504719 0
504779 0
504839 0
504899 0
504959 0
505019 0
505079 0
505139 0
505199 0
505259 0
505319 0
505379 0
505439 0
505499 0
505559 0
505619 0
505679 0
505739 0
505799 0
505859 0
505919 0
505979 0
506039 0
506099 0
506159 0
506219 0
506279 0
506339 0
506399 0
506459 0
506519 0
506579 0
506639 0
506699 0
506759 0
506819 0
506879 0
506939 0
506999 0
507059 0
507119 0
507179 0
507239 0
507299 0
507359 0
507419 0
507479 0
507539 0
507599 0
507659 0
507719 0
507779 0
507839 0
507899 0
507959 0
508019 0
508079 0
508139 0
508199 0
508259 0
508319 0
508379 0
508439 0
508499 0
508559 0
508619 0
508679 0
508739 0
508799 0
508859 0
508919 0
508979 0
509039 0
509099 0
509159 0
509219 0
509279 0
509339 0
509399 0
509459 0
509519 0
509579 0
509639 0
509699 0
509759 0
509819 0
509879 0
509939 0
509999 0
510059 0
510119 0
510179 0
510239 0
510299 0
510359 0
510419 0
510479 0
510539 0
510599 0
510659 0
510719 0
510779 0
510839 0
510899 0
510959 0
511019 0
511079 0
511139 0
511199 0
511259 0
511319 0
511379 0
511439 0
511499 0
511559 0
511619 0
511679 0
511739 0
511799 0
511859 0
511919 0
511979 0
512039 0
512099 0
512159 0
512219 0
512279 0
512339 0
512399 0
512459 0
512519 0
512579 0
512639 0
512699 0
512759 0
512819 0
512879 0
512939 0
512999 0
513059 0
513119 0
513179 0
513239 0
513299 0
513359 0
513419 0
513479 0
513539 0
513599 0
513659 0
513719 0
513779 0
513839 0
513899 0
513959 0
514019 0
514079 0
514139 0
514199 0
514259 0
514319 0
514379 0
514439 0
514499 0
514559 0
514619 0
514679 0
514739 0
514799 0
514859 0
514919 0
514979 0
515039 0
515099 0
515159 0
515219 0
515279 0
515339 0
515399 0
515459 0
515519 0
515579 0
515639 0
515699 0
515759 0
515819 0
515879 0
515939 0
515999 0
516059 0
516119 0
516179 0
516239 0
516299 0
516359 0
516419 0
516479 0
516539 0
516599 0
516659 0
516719 0
516779 0
516839 0
516899 0
516959 0
517019 0
517079 0
517139 0
517199 0
517259 0
517319 0
517379 0
517439 0
517499 0
517559 0
517619 0
517679 0
517739 0
517799 0
517859 0
517919 0
517979 0
518039 0
518099 0
518159 0
518219 0
518279 0
518339 0
518399 0
518459 0
518519 0
518579 0
518639 0
518699 0
518759 0
518819 0
518879 0
518939 0
518999 0
519059 0
519119 0
519179 0
519239 0
519299 0
519359 0
519419 0
519479 0
519539 0
519599 0
519659 0
519719 0
519779 0
519839 0
519899 0
519959 0
520019 0
520079 0
520139 0
520199 0
520259 0
520319 0
520379 0
520439 0
520499 0
520559 0
520619 0
520679 0
520739 0
520799 0
520859 0
520919 0
520979 0
521039 0
521099 0
521159 0
521219 0
521279 0
521339 0
521399 0
521459 0
521519 0
521579 0
521639 0
521699 0
521759 0
521819 0
521879 0
521939 0
521999 0
522059 0
522119 0
522179 0
522239 0
522299 0
522359 0
522419 0
522479 0
522539 0
522599 0
522659 0
522719 0
522779 0
522839 0
522899 0
522959 0
523019 0
523079 0
523139 0
523199 0
523259 0
523319 0
523379 0
523439 0
523499 0
523559 0
523619 0
523679 0
523739 0
523799 0
523859 0
523919 0
523979 0
524039 0
524099 0
524159 0
524219 0
524279 0
524339 0
524399 0
524459 0
524519 0
524579 0
524639 0
524699 0
524759 0
524819 0
524879 0
524939 0
524999 0
525059 0
525119 0
525179 0
525239 0
525299 0
525359 0
525419 0
525479 0
525539 0
525599 0
525659 0
525719 0
525779 0
525839 0
525899 0
525959 0
526019 0
526079 0
526139 0
526199 0
526259 0
526319 0
526379 0
526439 0
526499 0
526559 0
526619 0
526679 0
526739 0
526799 0
526859 0
526919 0
526979 0
527039 0
527099 0
527159 0
527219 0
527279 0
527339 0
527399 0
527459 0
527519 0
527579 0
527639 0
527699 0
527759 0
527819 0
527879 0
527939 0
527999 0
528059 0
528119 0
528179 0
528239 0
528299 0
528359 0
528419 0
528479 0
528539 0
528599 0
528659 0
528719 0
528779 0
528839 0
528899 0
528959 0
529019 0
529079 0
529139 0
529199 0
529259 0
529319 0
529379 0
529439 0
529499 0
529559 0
529619 0
529679 0
529739 0
529799 0
529859 0
529919 0
529979 0
530039 0
530099 0
530159 0
530219 0
530279 0
530339 0
530399 0
530459 0
530519 0
530579 0
530639 0
530699 0
530759 0
530819 0
530879 0
530939 0
530999 0
531059 0
531119 0
531179 0
531239 0
531299 0
531359 0
531419 0
531479 0
531539 0
531599 0
531659 0
531719 0
531779 0
531839 0
531899 0
531959 0
532019 0
532079 0
532139 0
532199 0
532259 0
532319 0
532379 0
532439 0
532499 0
532559 0
532619 0
532679 0
532739 0
532799 0
532859 0
532919 0
532979 0
533039 0
533099 0
533159 0
533219 0
533279 0
533339 0
533399 0
533459 0
533519 0
533579 0
533639 0
533699 0
533759 0
533819 0
533879 0
533939 0
533999 0
534059 0
534119 0
534179 0
534239 0
534299 0
534359 0
534419 0
534479 0
534539 0
534599 0
534659 0
534719 0
534779 0
534839 0
534899 0
534959 0
535019 0
535079 0
535139 0
535199 0
535259 0
535319 0
535379 0
535439 0
535499 0
535559 0
535619 0
535679 0
535739 0
535799 0
535859 0
535919 0
535979 0
536039 0
536099 0
536159 0
536219 0
536279 0
536339 0
536399 0
536459 0
536519 0
536579 0
536639 0
536699 0
536759 0
536819 0
536879 0
536939 0
536999 0
537059 0
537119 0
537179 0
537239 0
537299 0
537359 0
537419 0
537479 0
537539 0
537599 0
537659 0
537719 0
537779 0
537839 0
537899 0
537959 0
538019 0
538079 0
538139 0
538199 0
538259 0
538319 0
538379 0
538439 0
538499 0
538559 0
538619 0
538679 0
538739 0
538799 0
538859 0
538919 0
538979 0
539039 0
539099 0
539159 0
539219 0
539279 0
539339 0
539399 0
539459 0
539519 0
539579 0
539639 0
539699 0
539759 0
539819 0
539879 0
539939 0
539999 0
540059 0
540119 0
540179 0
540239 0
540299 0
540359 0
540419 0
540479 0
540539 0
540599 0
540659 0
540719 0
540779 0
540839 0
540899 0
540959 0
541019 0
541079 0
541139 0
541199 0
541259 0
541319 0
541379 0
541439 0
541499 0
541559 0
541619 0
541679 0
541739 0
541799 0
541859 0
541919 0
541979 0
542039 0
542099 0
542159 0
542219 0
542279 0
542339 0
542399 0
542459 0
542519 0
542579 0
542639 0
542699 0
542759 0
542819 0
542879 0
542939 0
542999 0
543059 0
543119 0
543179 0
543239 0
543299 0
543359 0
543419 0
543479 0
543539 0
543599 0
543659 0
543719 0
543779 0
543839 0
543899 0
543959 0
544019 0
544079 0
544139 0
544199 0
544259 0
544319 0
544379 0
544439 0
544499 0
544559 0
544619 0
544679 0
544739 0
544799 0
544859 0
544919 0
544979 0
545039 0
545099 0
545159 0
545219 0
545279 0
545339 0
545399 0
545459 0
545519 0
545579 0
545639 0
545699 0
545759 0
545819 0
545879 0
545939 0
545999 0
546059 0
546119 0
546179 0
546239 0
546299 0
546359 0
546419 0
546479 0
546539 0
546599 0
546659 0
546719 0
546779 0
546839 0
546899 0
546959 0
547019 0
547079 0
547139 0
547199 0
547259 0
547319 0
547379 0
547439 0
547499 0
547559 0
547619 0
547679 0
547739 0
547799 0
547859 0
547919 0
547979 0
548039 0
548099 0
548159 0
548219 0
548279 0
548339 0
548399 0
548459 0
548519 0
548579 0
548639 0
548699 0
548759 0
548819 0
548879 0
548939 0
548999 0
549059 0
549119 0
549179 0
549239 0
549299 0
549359 0
549419 0
549479 0
549539 0
549599 0
549659 0
549719 0
549779 0
549839 0
549899 0
549959 0
550019 0
550079 0
550139 0
550199 0
550259 0
550319 0
550379 0
550439 0
550499 0
550559 0
550619 0
550679 0
550739 0
550799 0
550859 0
550919 0
550979 0
551039 0
551099 0
551159 0
551219 0
551279 0
551339 0
551399 0
551459 0
551519 0
551579 0
551639 0
551699 0
551759 0
551819 0
551879 0
551939 0
551999 0
552059 0
552119 0
552179 0
552239 0
552299 0
552359 0
552419 0
552479 0
552539 0
552599 0
552659 0
552719 0
552779 0
552839 0
552899 0
552959 0
553019 0
553079 0
553139 0
553199 0
553259 0
553319 0
553379 0
553439 0
553499 0
553559 0
553619 0
553679 0
553739 0
553799 0
553859 0
553919 0
553979 0
554039 0
554099 0
554159 0
554219 0
554279 0
554339 0
554399 0
554459 0
554519 0
554579 0
554639 0
554699 0
554759 0
554819 0
554879 0
554939 0
554999 0
555059 0
555119 0
555179 0
555239 0
555299 0
555359 0
555419 0
555479 0
555539 0
555599 0
555659 0
555719 0
555779 0
555839 0
555899 0
555959 0
556019 0
556079 0
556139 0
556199 0
556259 0
556319 0
556379 0
556439 0
556499 0
556559 0
556619 0
556679 0
556739 0
556799 0
556859 0
556919 0
556979 0
557039 0
557099 0
557159 0
557219 0
557279 0
557339 0
557399 0
557459 0
557519 0
557579 0
557639 0
557699 0
557759 0
557819 0
557879 0
557939 0
557999 0
558059 0
558119 0
558179 0
558239 0
558299 0
558359 0
558419 0
558479 0
558539 0
558599 0
558659 0
558719 0
558779 0
558839 0
558899 0
558959 0
559019 0
559079 0
559139 0
559199 0
559259 0
559319 0
559379 0
559439 0
559499 0
559559 0
559619 0
559679 0
559739 0
559799 0
559859 0
559919 0
559979 0
560039 0
560099 0
560159 0
560219 0
560279 0
560339 0
560399 0
560459 0
560519 0
560579 0
560639 0
560699 0
560759 0
560819 0
560879 0
560939 0
560999 0
561059 0
561119 0
561179 0
561239 0
561299 0
561359 0
561419 0
561479 0
561539 0
561599 0
561659 0
561719 0
561779 0
561839 0
561899 0
561959 0
562019 0
562079 0
562139 0
562199 0
562259 0
562319 0
562379 0
562439 0
562499 0
562559 0
562619 0
562679 0
562739 0
562799 0
562859 0
562919 0
562979 0
563039 0
563099 0
563159 0
563219 0
563279 0
563339 0
563399 0
563459 0
563519 0
563579 0
563639 0
563699 0
563759 0
563819 0
563879 0
563939 0
563999 0
564059 0
564119 0
564179 0
564239 0
564299 0
564359 0
564419 0
564479 0
564539 0
564599 0
564659 0
564719 0
564779 0
564839 0
564899 0
564959 0
565019 0
565079 0
565139 0
565199 0
565259 0
565319 0
565379 0
565439 0
565499 0
565559 0
565619 0
565679 0
565739 0
565799 0
565859 0
565919 0
565979 0
566039 0
566099 0
566159 0
566219 0
566279 0
566339 0
566399 0
566459 0
566519 0
566579 0
566639 0
566699 0
566759 0
566819 0
566879 0
566939 0
566999 0
567059 0
567119 0
567179 0
567239 0
567299 0
567359 0
567419 0
567479 0
567539 0
567599 0
567659 0
567719 0
567779 0
567839 0
567899 0
567959 0
568019 0
568079 0
568139 0
568199 0
568259 0
568319 0
568379 0
568439 0
568499 0
568559 0
568619 0
568679 0
568739 0
568799 0
568859 0
568919 0
568979 0
569039 0
569099 0
569159 0
569219 0
569279 0
569339 0
569399 0
569459 0
569519 0
569579 0
569639 0
569699 0
569759 0
569819 0
569879 0
569939 0
569999 0
570059 0
570119 0
570179 0
570239 0
570299 0
570359 0
570419 0
570479 0
570539 0
570599 0
570659 0
570719 0
570779 0
570839 0
570899 0
570959 0
571019 0
571079 0
571139 0
571199 0
571259 0
571319 0
571379 0
571439 0
571499 0
571559 0
571619 0
571679 0
571739 0
571799 0
571859 0
571919 0
571979 0
572039 0
572099 0
572159 0
572219 0
572279 0
572339 0
572399 0
572459 0
572519 0
572579 0
572639 0
572699 0
572759 0
572819 0
572879 0
572939 0
572999 0
573059 0
573119 0
573179 0
573239 0
573299 0
573359 0
573419 0
573479 0
573539 0
573599 0
573659 0
573719 0
573779 0
573839 0
573899 0
573959 0
574019 0
574079 0
574139 0
574199 0
574259 0
574319 0
574379 0
574439 0
574499 0
574559 0
574619 0
574679 0
574739 0
574799 0
574859 0
574919 0
574979 0
575039 0
575099 0
575159 0
575219 0
575279 0
575339 0
575399 0
575459 0
575519 0
575579 0
575639 0
575699 0
575759 0
575819 0
575879 0
575939 0
575999 0
576059 0
576119 0
576179 0
576239 0
576299 0
576359 0
576419 0
576479 0
576539 0
576599 0
576659 0
576719 0
576779 0
576839 0
576899 0
576959 0
577019 0
577079 0
577139 0
577199 0
577259 0
577319 0
577379 0
577439 0
577499 0
577559 0
577619 0
577679 0
577739 0
577799 0
577859 0
577919 0
577979 0
578039 0
578099 0
578159 0
578219 0
578279 0
578339 0
578399 0
578459 0
578519 0
578579 0
578639 0
578699 0
578759 0
578819 0
578879 0
578939 0
578999 0
579059 0
579119 0
579179 0
579239 0
579299 0
579359 0
579419 0
579479 0
579539 0
579599 0
579659 0
579719 0
579779 0
579839 0
579899 0
579959 0
580019 0
580079 0
580139 0
580199 0
580259 0
580319 0
580379 0
580439 0
580499 0
580559 0
580619 0
580679 0
580739 0
580799 0
580859 0
580919 0
580979 0
581039 0
581099 0
581159 0
581219 0
581279 0
581339 0
581399 0
581459 0
581519 0
581579 0
581639 0
581699 0
581759 0
581819 0
581879 0
581939 0
581999 0
582059 0
582119 0
582179 0
582239 0
582299 0
582359 0
582419 0
582479 0
582539 0
582599 0
582659 0
582719 0
582779 0
582839 0
582899 0
582959 0
583019 0
583079 0
583139 0
583199 0
583259 0
583319 0
583379 0
583439 0
583499 0
583559 0
583619 0
583679 0
583739 0
583799 0
583859 0
583919 0
583979 0
584039 0
584099 0
584159 0
584219 0
584279 0
584339 0
584399 0
584459 0
584519 0
584579 0
584639 0
584699 0
584759 0
584819 0
584879 0
584939 0
584999 0
585059 0
585119 0
585179 0
585239 0
585299 0
585359 0
585419 0
585479 0
585539 0
585599 0
585659 0
585719 0
585779 0
585839 0
585899 0
585959 0
586019 0
586079 0
586139 0
586199 0
586259 0
586319 0
586379 0
586439 0
586499 0
586559 0
586619 0
586679 0
586739 0
586799 0
586859 0
586919 0
586979 0
587039 0
587099 0
587159 0
587219 0
587279 0
587339 0
587399 0
587459 0
587519 0
587579 0
587639 0
587699 0
587759 0
587819 0
587879 0
587939 0
587999 0
588059 0
588119 0
588179 0
588239 0
588299 0
588359 0
588419 0
588479 0
588539 0
588599 0
588659 0
588719 0
588779 0
588839 0
588899 0
588959 0
589019 0
589079 0
589139 0
589199 0
589259 0
589319 0
589379 0
589439 0
589499 0
589559 0
589619 0
589679 0
589739 0
589799 0
589859 0
589919 0
589979 0
590039 0
590099 0
590159 0
590219 0
590279 0
590339 0
590399 0
590459 0
590519 0
590579 0
590639 0
590699 0
590759 0
590819 0
590879 0
590939 0
590999 0
591059 0
591119 0
591179 0
591239 0
591299 0
591359 0
591419 0
591479 0
591539 0
591599 0
591659 0
591719 0
591779 0
591839 0
591899 0
591959 0
592019 0
592079 0
592139 0
592199 0
592259 0
592319 0
592379 0
592439 0
592499 0
592559 0
592619 0
592679 0
592739 0
592799 0
592859 0
592919 0
592979 0
593039 0
593099 0
593159 0
593219 0
593279 0
593339 0
593399 0
593459 0
593519 0
593579 0
593639 0
593699 0
593759 0
593819 0
593879 0
593939 0
593999 0
594059 0
594119 0
594179 0
594239 0
594299 0
594359 0
594419 0
594479 0
594539 0
594599 0
594659 0
594719 0
594779 0
594839 0
594899 0
594959 0
595019 0
595079 0
595139 0
595199 0
595259 0
595319 0
595379 0
595439 0
595499 0
595559 0
595619 0
595679 0
595739 0
595799 0
595859 0
595919 0
595979 0
596039 0
596099 0
596159 0
596219 0
596279 0
596339 0
596399 0
596459 0
596519 0
596579 0
596639 0
596699 0
596759 0
596819 0
596879 0
596939 0
596999 0
597059 0
597119 0
597179 0
597239 0
597299 0
597359 0
597419 0
597479 0
597539 0
597599 0
597659 0
597719 0
597779 0
597839 0
597899 0
597959 0
598019 0
598079 0
598139 0
598199 0
598259 0
598319 0
598379 0
598439 0
598499 0
598559 0
598619 0
598679 0
598739 0
598799 0
598859 0
598919 0
598979 0
599039 0
599099 0
599159 0
599219 0
599279 0
599339 0
599399 0
599459 0
599519 0
599579 0
599639 0
599699 0
599759 0
599819 0
599879 0
599939 0
599999 0
600059 0
600119 0
600179 0
600239 0
600299 0
600359 0
600419 0
600479 0
600539 0
600599 0
600659 0
600719 0
600779 0
600839 0
600899 0
600959 0
601019 0
601079 0
601139 0
601199 0
601259 0
601319 0
601379 0
601439 0
601499 0
601559 0
601619 0
601679 0
601739 0
601799 0
601859 0
601919 0
601979 0
602039 0
602099 0
602159 0
602219 0
602279 0
602339 0
602399 0
602459 0
602519 0
602579 0
602639 0
602699 0
602759 0
602819 0
602879 0
602939 0
602999 0
603059 0
603119 0
603179 0
603239 0
603299 0
603359 0
603419 0
603479 0
603539 0
603599 0
603659 0
603719 0
603779 0
603839 0
603899 0
603959 0
604019 0
604079 0
604139 0
604199 0
604259 0
604319 0
604379 0
604439 0
604499 0
604559 0
604619 0
604679 0
604739 0
604799 0
